N8S8Y3	sp|Q8FTH8|THIED_COREF	36.000	250	149	5	2	243	222	468	9.45e-36	137
N8S8Y3	sp|Q5M731|TPS1L_ARATH	35.833	240	144	4	3	234	31	268	2.49e-35	135
N8S8Y3	sp|Q8NVH3|THID_STAAW	30.579	242	159	6	1	234	2	242	2.19e-34	127
N8S8Y3	sp|Q6G7L7|THID_STAAS	30.579	242	159	6	1	234	2	242	2.19e-34	127
N8S8Y3	sp|P99124|THID_STAAN	30.165	242	160	6	1	234	2	242	2.29e-34	127
N8S8Y3	sp|P66915|THID_STAAM	30.165	242	160	6	1	234	2	242	2.29e-34	127
N8S8Y3	sp|P61422|THIED_GEOSL	36.032	247	150	4	2	242	225	469	3.86e-34	131
N8S8Y3	sp|Q6GEY2|THID_STAAR	30.579	242	159	6	1	234	2	242	4.02e-34	127
N8S8Y3	sp|O48881|TPS1_BRANA	34.263	251	155	4	5	247	35	283	3.00e-33	129
N8S8Y3	sp|O94266|THI22_SCHPO	31.461	267	160	3	3	247	36	301	1.36e-32	127
N8S8Y3	sp|P76422|THID_ECOLI	35.178	253	147	6	2	243	3	249	1.64e-32	122
N8S8Y3	sp|O67772|THID_AQUAE	30.864	243	160	4	6	242	4	244	2.09e-32	122
N8S8Y3	sp|O31620|THID_BACSU	33.624	229	145	3	18	240	19	246	6.28e-32	121
N8S8Y3	sp|P55882|THID_SALTY	34.921	252	149	6	2	243	3	249	6.43e-32	121
N8S8Y3	sp|Q2QWK9|TPS1_ORYSJ	35.496	262	152	5	3	252	57	313	8.24e-32	125
N8S8Y3	sp|P56904|THID_RHIME	36.207	232	138	4	18	242	18	246	1.55e-31	120
N8S8Y3	sp|Q9ZBL1|THID_MYCLE	35.470	234	141	4	18	241	29	262	1.91e-30	117
N8S8Y3	sp|P44697|THID_HAEIN	33.745	243	142	7	19	249	21	256	2.63e-30	116
N8S8Y3	sp|Q8NQH1|THIED_CORGL	31.301	246	162	2	3	242	242	486	2.97e-28	116
N8S8Y3	sp|O25515|THID_HELPY	33.603	247	153	5	3	240	6	250	1.86e-26	106
N8S8Y3	sp|Q9ZBR6|THID_STRCO	35.983	239	138	6	18	248	26	257	3.64e-26	106
N8S8Y3	sp|Q9ZL00|THID_HELPJ	34.413	247	151	5	3	240	5	249	4.58e-26	105
N8S8Y3	sp|Q06490|THI22_YEAST	31.429	245	143	6	3	227	46	285	6.55e-26	109
N8S8Y3	sp|Q08975|THI21_YEAST	35.223	247	131	8	3	227	24	263	1.76e-25	107
N8S8Y3	sp|Q08224|THI20_YEAST	33.061	245	139	6	3	227	24	263	1.42e-24	105
N8S8Y3	sp|P39610|PDXK_BACSU	29.435	248	159	5	6	241	7	250	2.35e-24	101
N8S8Y3	sp|Q5HI96|PDXK_STAAC	30.279	251	153	7	5	241	6	248	3.86e-23	98.1
N8S8Y3	sp|O85786|THID_SYNE7	33.761	234	139	6	18	241	19	246	1.00e-22	96.6
N8S8Y3	sp|Q8CTQ7|PDXK_STAES	29.317	249	158	7	5	241	6	248	1.57e-22	96.6
N8S8Y3	sp|P9WG77|THID_MYCTU	34.959	246	152	4	3	241	4	248	1.91e-22	96.2
N8S8Y3	sp|P9WG76|THID_MYCTO	34.959	246	152	4	3	241	4	248	1.91e-22	96.2
N8S8Y3	sp|P66914|THID_MYCBO	34.959	246	152	4	3	241	4	248	1.91e-22	96.2
N8S8Y3	sp|Q5HRG7|PDXK_STAEQ	28.340	247	163	8	5	241	6	248	2.35e-22	96.2
N8S8Y3	sp|Q9USL6|YJK5_SCHPO	23.810	252	168	2	3	230	14	265	1.18e-16	81.2
N8S8Y3	sp|O94265|THI21_SCHPO	27.308	260	159	8	1	233	1	257	3.19e-16	81.2
N8S8Y3	sp|Q9WZP7|THIDN_THEMA	27.160	243	143	9	5	246	2	211	4.09e-16	80.4
N8S8Y3	sp|Q57688|THIDN_METJA	25.974	231	156	5	5	235	3	218	1.44e-14	75.8
N8S8Y3	sp|O83153|PDXK_TREPA	25.424	236	159	5	19	241	18	249	1.88e-13	71.5
N8S8Y3	sp|Q1R8V2|PDXK_ECOUT	25.414	181	124	5	72	242	89	268	3.81e-08	56.5
N8S8Y3	sp|Q8FFB5|PDXK_ECOL6	25.414	181	124	5	72	242	89	268	3.81e-08	56.5
N8S8Y3	sp|Q0TF48|PDXK_ECOL5	25.414	181	124	5	72	242	89	268	3.81e-08	56.5
N8S8Y3	sp|A1ADT5|PDXK_ECOK1	25.414	181	124	5	72	242	89	268	3.81e-08	56.5
N8S8Y3	sp|B7MY71|PDXK_ECO81	25.414	181	124	5	72	242	89	268	3.81e-08	56.5
N8S8Y3	sp|B7MHS2|PDXK_ECO45	25.414	181	124	5	72	242	89	268	3.81e-08	56.5
N8S8Y3	sp|B7NPV5|PDXK_ECO7I	24.862	181	125	5	72	242	89	268	4.83e-08	56.1
N8S8Y3	sp|Q83K78|PDXK_SHIFL	24.862	181	125	5	72	242	89	268	6.71e-08	55.7
N8S8Y3	sp|Q3YZC3|PDXK_SHISS	24.862	181	125	5	72	242	89	268	7.37e-08	55.7
N8S8Y3	sp|B6I4Z5|PDXK_ECOSE	24.862	181	125	5	72	242	89	268	7.37e-08	55.7
N8S8Y3	sp|B7M6S8|PDXK_ECO8A	24.862	181	125	5	72	242	89	268	7.37e-08	55.7
N8S8Y3	sp|B7UGB9|PDXK_ECO27	24.862	181	125	5	72	242	89	268	7.37e-08	55.7
N8S8Y3	sp|A7ZPL9|PDXK_ECO24	24.862	181	125	5	72	242	89	268	7.37e-08	55.7
N8S8Y3	sp|P40191|PDXK_ECOLI	25.414	181	124	5	72	242	89	268	7.51e-08	55.7
N8S8Y3	sp|B1IX53|PDXK_ECOLC	25.414	181	124	5	72	242	89	268	7.51e-08	55.7
N8S8Y3	sp|A8A2R4|PDXK_ECOHS	25.414	181	124	5	72	242	89	268	7.51e-08	55.7
N8S8Y3	sp|B1XA89|PDXK_ECODH	25.414	181	124	5	72	242	89	268	7.51e-08	55.7
N8S8Y3	sp|C4ZVU9|PDXK_ECOBW	25.414	181	124	5	72	242	89	268	7.51e-08	55.7
N8S8Y3	sp|B2TX08|PDXK_SHIB3	24.862	181	125	5	72	242	89	268	7.65e-08	55.4
N8S8Y3	sp|B7LL66|PDXK_ESCF3	24.862	181	125	5	72	242	89	268	7.72e-08	55.4
N8S8Y3	sp|B7N609|PDXK_ECOLU	24.862	181	125	5	72	242	89	268	9.23e-08	55.4
N8S8Y3	sp|B7LCG3|PDXK_ECO55	24.309	181	126	5	72	242	89	268	1.64e-07	54.6
N8S8Y3	sp|Q32DD5|PDXK_SHIDS	24.862	181	125	5	72	242	89	268	1.65e-07	54.6
N8S8Y3	sp|B5YZW5|PDXK_ECO5E	26.630	184	118	8	72	242	89	268	2.34e-07	54.2
N8S8Y3	sp|Q8XBL0|PDXK_ECO57	26.630	184	118	8	72	242	89	268	2.34e-07	54.2
N8S8Y3	sp|O01824|PDXK_CAEEL	29.752	121	75	4	101	213	131	249	2.44e-07	54.2
N8S8Y3	sp|B1LML3|PDXK_ECOSM	24.309	181	126	5	72	242	89	268	5.08e-07	53.1
N8S8Y3	sp|Q0BSF0|PDXY_GRABC	28.169	213	127	12	47	240	51	256	2.02e-06	51.5
N8S8Y3	sp|Q87FP6|PDXY_VIBPA	25.989	177	119	4	73	238	77	252	4.94e-06	50.4
N8S8Y3	sp|Q7MGA4|PDXY_VIBVY	26.554	177	118	4	73	238	77	252	5.24e-06	50.0
N8S8Y3	sp|Q8D4Q2|PDXY_VIBVU	26.554	177	118	4	73	238	77	252	5.97e-06	50.0
N8S8Y3	sp|A7N5Q6|PDXY_VIBCB	25.424	177	120	4	73	238	77	252	8.37e-06	49.6
N8S8Y3	sp|P40192|PDXK_SALTY	22.034	177	126	5	72	238	94	268	8.42e-06	49.6
N8S8Y3	sp|Q57LS3|PDXK_SALCH	22.034	177	126	5	72	238	94	268	8.42e-06	49.6
N8S8Y3	sp|Q5PNC8|PDXK_SALPA	22.034	177	126	5	72	238	94	268	1.10e-05	49.2
N8S8Y3	sp|Q8Z4W1|PDXK_SALTI	22.034	177	126	5	72	238	94	268	1.23e-05	48.8
N8S8Y3	sp|P44690|PDXY_HAEIN	31.967	122	54	6	77	177	80	193	3.62e-05	47.7
N8S8Y3	sp|A5UA83|PDXY_HAEIE	31.707	123	53	6	77	177	80	193	4.73e-05	47.3
N8S8Y3	sp|Q1CIM6|PDXY_YERPN	33.645	107	58	5	74	169	77	181	5.39e-05	46.9
N8S8Y3	sp|Q7CIR8|PDXY_YERPE	33.645	107	58	5	74	169	77	181	5.39e-05	46.9
N8S8Y3	sp|Q1C792|PDXY_YERPA	33.645	107	58	5	74	169	77	181	5.39e-05	46.9
N8S8Y3	sp|Q66A50|PDXY_YERPS	33.645	107	58	5	74	169	77	181	6.02e-05	46.9
N8S8Y3	sp|Q1J237|PDXY_DEIGD	27.551	196	115	8	65	238	76	266	7.82e-05	46.5
N8S8Y3	sp|Q1LFU5|PDXK_CUPMC	27.778	180	98	7	72	230	89	257	1.60e-04	45.7
N8S8Y3	sp|Q6NG19|PDXY_CORDI	28.025	157	97	6	72	215	74	227	2.43e-04	45.0
N8S8Y3	sp|Q6LP62|PDXY_PHOPR	24.157	178	125	3	73	240	77	254	3.22e-04	44.6
N8S8Y3	sp|A3N2D3|PDXY_ACTP2	31.624	117	62	7	67	169	69	181	6.59e-04	43.8
N8S8Y3	sp|B3H2H2|PDXY_ACTP7	31.624	117	62	7	67	169	69	181	7.29e-04	43.8
N8S8Y3	sp|A6VNE5|PDXY_ACTSZ	28.571	105	66	3	74	169	77	181	8.44e-04	43.4
N8S8Y3	sp|B0UUD2|PDXY_HISS2	33.333	108	57	5	74	169	77	181	0.002	42.6
N8S8Y3	sp|Q0I3D2|PDXY_HAES1	33.333	108	57	5	74	169	77	181	0.002	42.6
N8S8Y3	sp|Q6AFC1|PDXY_LEIXX	27.673	159	109	3	86	238	92	250	0.003	41.9
N8S8Y3	sp|Q55EK9|PDXK_DICDI	33.333	87	50	3	95	175	103	187	0.004	41.5
N8S8Y3	sp|Q51892|PDXY_PROMI	23.834	193	124	6	60	238	73	256	0.005	41.1
N8S8Y3	sp|Q9CNY1|PDXY_PASMU	29.358	109	60	5	74	169	77	181	0.005	41.1
N8S8Y3	sp|C3K4G7|PDXY_PSEFS	24.623	199	133	6	60	243	65	261	0.006	40.7
N8S8Y3	sp|Q5E345|PDXY_ALIF1	29.907	107	62	4	74	169	78	182	0.007	40.7
N8S8Y3	sp|Q8W1X2|PDXK_ARATH	31.731	104	59	5	75	168	91	192	0.008	40.7
N8S8Y3	sp|Q65UE8|PDXY_MANSM	31.481	108	59	5	74	169	77	181	0.009	40.3
N8S8Y3	sp|Q5M731|TPS1L_ARATH	33.721	258	162	4	3	252	31	287	1.39e-99	302
N8S8Y3	sp|O94266|THI22_SCHPO	31.835	267	159	3	3	247	36	301	5.20e-97	297
N8S8Y3	sp|O48881|TPS1_BRANA	33.074	257	163	4	4	252	34	289	6.21e-96	293
N8S8Y3	sp|P76422|THID_ECOLI	32.558	258	165	4	2	252	3	258	4.74e-94	280
N8S8Y3	sp|P55882|THID_SALTY	32.946	258	164	4	2	252	3	258	1.15e-93	279
N8S8Y3	sp|P99124|THID_STAAN	28.846	260	174	6	1	252	2	258	1.06e-92	277
N8S8Y3	sp|P66915|THID_STAAM	28.846	260	174	6	1	252	2	258	1.06e-92	277
N8S8Y3	sp|Q8NVH3|THID_STAAW	29.231	260	173	6	1	252	2	258	1.42e-92	276
N8S8Y3	sp|Q6G7L7|THID_STAAS	29.231	260	173	6	1	252	2	258	1.42e-92	276
N8S8Y3	sp|Q6GEY2|THID_STAAR	29.231	260	173	6	1	252	2	258	3.11e-92	275
N8S8Y3	sp|O67772|THID_AQUAE	30.738	244	161	4	5	242	3	244	1.40e-89	268
N8S8Y3	sp|O31620|THID_BACSU	33.188	229	146	3	19	241	20	247	2.07e-86	260
N8S8Y3	sp|Q2QWK9|TPS1_ORYSJ	35.271	258	158	4	3	252	57	313	7.67e-86	268
N8S8Y3	sp|P44697|THID_HAEIN	33.725	255	156	5	4	249	6	256	9.62e-86	259
N8S8Y3	sp|Q8FTH8|THIED_COREF	33.074	257	165	2	2	252	222	477	1.13e-85	272
N8S8Y3	sp|P61422|THIED_GEOSL	34.940	249	154	3	2	244	225	471	2.30e-85	265
N8S8Y3	sp|Q5HI96|PDXK_STAAC	28.514	249	162	6	4	241	5	248	4.75e-84	255
N8S8Y3	sp|Q9USL6|YJK5_SCHPO	22.901	262	178	2	3	240	14	275	7.36e-84	256
N8S8Y3	sp|Q8NQH1|THIED_CORGL	30.078	256	172	2	3	252	242	496	2.23e-83	267
N8S8Y3	sp|Q8CTQ7|PDXK_STAES	27.309	249	165	5	4	241	5	248	5.77e-83	252
N8S8Y3	sp|Q5HRG7|PDXK_STAEQ	27.309	249	165	5	4	241	5	248	1.29e-82	251
N8S8Y3	sp|P39610|PDXK_BACSU	28.340	247	167	4	4	241	5	250	7.73e-82	249
N8S8Y3	sp|O25515|THID_HELPY	32.157	255	163	3	1	248	4	255	1.36e-81	248
N8S8Y3	sp|Q9ZL00|THID_HELPJ	33.597	253	158	3	3	248	5	254	2.53e-80	245
N8S8Y3	sp|P56904|THID_RHIME	34.855	241	147	4	19	252	19	256	6.41e-78	239
N8S8Y3	sp|Q9ZBL1|THID_MYCLE	35.385	260	157	5	4	252	15	274	9.41e-77	236
N8S8Y3	sp|Q06490|THI22_YEAST	29.762	252	160	6	3	238	46	296	1.90e-75	242
N8S8Y3	sp|Q08975|THI21_YEAST	30.882	272	158	7	3	249	24	290	1.04e-72	234
N8S8Y3	sp|Q9ZBR6|THID_STRCO	35.169	236	142	5	19	248	27	257	1.96e-72	225
N8S8Y3	sp|O94265|THI21_SCHPO	25.283	265	174	5	1	241	1	265	1.28e-71	230
N8S8Y3	sp|Q08224|THI20_YEAST	30.147	272	160	7	3	249	24	290	3.24e-71	230
N8S8Y3	sp|O83153|PDXK_TREPA	23.707	232	168	3	19	241	18	249	3.24e-71	222
N8S8Y3	sp|P9WG77|THID_MYCTU	34.109	258	161	5	3	252	4	260	7.01e-69	216
N8S8Y3	sp|P9WG76|THID_MYCTO	34.109	258	161	5	3	252	4	260	7.01e-69	216
N8S8Y3	sp|P66914|THID_MYCBO	34.109	258	161	5	3	252	4	260	7.01e-69	216
N8S8Y3	sp|Q57688|THIDN_METJA	25.630	238	162	5	5	242	3	225	1.04e-67	218
N8S8Y3	sp|O85786|THID_SYNE7	32.812	256	162	5	3	252	4	255	1.19e-66	210
N8S8Y3	sp|Q9WZP7|THIDN_THEMA	26.033	242	147	7	5	246	2	211	4.99e-61	200
N8S8Y3	sp|Q87FP6|PDXY_VIBPA	24.725	182	125	4	71	241	75	255	6.62e-50	168
N8S8Y3	sp|Q7MGA4|PDXY_VIBVY	24.725	182	125	4	71	241	75	255	9.00e-50	168
N8S8Y3	sp|Q8D4Q2|PDXY_VIBVU	24.725	182	125	4	71	241	75	255	1.14e-49	167
N8S8Y3	sp|A7N5Q6|PDXY_VIBCB	24.176	182	126	4	71	241	75	255	1.86e-49	167
N8S8Y3	sp|Q6LP62|PDXY_PHOPR	23.757	181	128	3	71	241	75	255	1.72e-48	164
N8S8Y3	sp|B7LL66|PDXK_ESCF3	22.266	256	166	6	19	242	14	268	8.17e-45	155
N8S8Y3	sp|P40191|PDXK_ECOLI	22.656	256	165	6	19	242	14	268	8.52e-45	155
N8S8Y3	sp|B1IX53|PDXK_ECOLC	22.656	256	165	6	19	242	14	268	8.52e-45	155
N8S8Y3	sp|A8A2R4|PDXK_ECOHS	22.656	256	165	6	19	242	14	268	8.52e-45	155
N8S8Y3	sp|B1XA89|PDXK_ECODH	22.656	256	165	6	19	242	14	268	8.52e-45	155
N8S8Y3	sp|C4ZVU9|PDXK_ECOBW	22.656	256	165	6	19	242	14	268	8.52e-45	155
N8S8Y3	sp|B7N609|PDXK_ECOLU	22.266	256	166	6	19	242	14	268	9.59e-45	155
N8S8Y3	sp|Q3YZC3|PDXK_SHISS	22.266	256	166	6	19	242	14	268	1.10e-44	154
N8S8Y3	sp|B6I4Z5|PDXK_ECOSE	22.266	256	166	6	19	242	14	268	1.10e-44	154
N8S8Y3	sp|B7M6S8|PDXK_ECO8A	22.266	256	166	6	19	242	14	268	1.10e-44	154
N8S8Y3	sp|B7UGB9|PDXK_ECO27	22.266	256	166	6	19	242	14	268	1.10e-44	154
N8S8Y3	sp|A7ZPL9|PDXK_ECO24	22.266	256	166	6	19	242	14	268	1.10e-44	154
N8S8Y3	sp|B2TX08|PDXK_SHIB3	22.266	256	166	6	19	242	14	268	1.25e-44	154
N8S8Y3	sp|B7NPV5|PDXK_ECO7I	22.266	256	166	6	19	242	14	268	1.41e-44	154
N8S8Y3	sp|Q1R8V2|PDXK_ECOUT	22.266	256	166	6	19	242	14	268	1.60e-44	154
N8S8Y3	sp|Q8FFB5|PDXK_ECOL6	22.266	256	166	6	19	242	14	268	1.60e-44	154
N8S8Y3	sp|Q0TF48|PDXK_ECOL5	22.266	256	166	6	19	242	14	268	1.60e-44	154
N8S8Y3	sp|A1ADT5|PDXK_ECOK1	22.266	256	166	6	19	242	14	268	1.60e-44	154
N8S8Y3	sp|B7MY71|PDXK_ECO81	22.266	256	166	6	19	242	14	268	1.60e-44	154
N8S8Y3	sp|B5YZW5|PDXK_ECO5E	22.266	256	166	6	19	242	14	268	1.60e-44	154
N8S8Y3	sp|Q8XBL0|PDXK_ECO57	22.266	256	166	6	19	242	14	268	1.60e-44	154
N8S8Y3	sp|B7MHS2|PDXK_ECO45	22.266	256	166	6	19	242	14	268	1.60e-44	154
N8S8Y3	sp|Q83K78|PDXK_SHIFL	22.266	256	166	6	19	242	14	268	1.95e-44	154
N8S8Y3	sp|B7LCG3|PDXK_ECO55	21.875	256	167	6	19	242	14	268	4.79e-44	153
N8S8Y3	sp|Q32DD5|PDXK_SHIDS	22.266	256	166	6	19	242	14	268	5.75e-44	152
N8S8Y3	sp|B1LML3|PDXK_ECOSM	21.875	256	167	6	19	242	14	268	2.26e-43	151
N8S8Y3	sp|A5UA83|PDXY_HAEIE	23.301	206	139	6	54	241	54	258	1.05e-37	136
N8S8Y3	sp|A6VNE5|PDXY_ACTSZ	20.290	207	151	5	45	239	50	254	2.80e-37	135
N8S8Y3	sp|B0UUD2|PDXY_HISS2	20.197	203	147	5	54	241	54	256	3.61e-37	135
N8S8Y3	sp|Q0I3D2|PDXY_HAES1	20.197	203	147	5	54	241	54	256	3.61e-37	135
N8S8Y3	sp|P44690|PDXY_HAEIN	23.301	206	139	6	54	241	54	258	3.83e-37	135
N8S8Y3	sp|B3H2H2|PDXY_ACTP7	20.207	193	142	4	59	239	62	254	6.84e-37	134
N8S8Y3	sp|A3N2D3|PDXY_ACTP2	20.207	193	142	4	59	239	62	254	1.57e-36	133
N8S8Y3	sp|Q0BSF0|PDXY_GRABC	23.585	212	144	6	45	241	49	257	2.07e-36	133
N8S8Y3	sp|Q1LFU5|PDXK_CUPMC	24.862	181	126	3	71	241	88	268	3.72e-36	132
N8S8Y3	sp|Q66A50|PDXY_YERPS	23.590	195	135	5	62	242	64	258	9.84e-36	131
N8S8Y3	sp|Q9CNY1|PDXY_PASMU	21.569	204	145	5	54	242	54	257	1.27e-35	131
N8S8Y3	sp|Q1CIM6|PDXY_YERPN	23.590	195	135	5	62	242	64	258	2.58e-35	130
N8S8Y3	sp|Q7CIR8|PDXY_YERPE	23.590	195	135	5	62	242	64	258	2.58e-35	130
N8S8Y3	sp|Q1C792|PDXY_YERPA	23.590	195	135	5	62	242	64	258	2.58e-35	130
N8S8Y3	sp|P40192|PDXK_SALTY	18.750	256	174	7	19	242	19	272	8.87e-35	129
N8S8Y3	sp|Q57LS3|PDXK_SALCH	18.750	256	174	7	19	242	19	272	8.87e-35	129
N8S8Y3	sp|Q7N3W7|PDXY_PHOLL	22.059	204	134	6	48	238	63	254	1.80e-34	128
N8S8Y3	sp|Q6NG19|PDXY_CORDI	21.154	208	151	4	47	241	46	253	5.16e-34	126
N8S8Y3	sp|Q51892|PDXY_PROMI	21.579	190	135	4	63	238	67	256	6.64e-34	126
N8S8Y3	sp|Q5PNC8|PDXK_SALPA	18.750	256	174	7	19	242	19	272	6.92e-34	126
N8S8Y3	sp|Q1J237|PDXY_DEIGD	26.601	203	130	7	55	238	64	266	1.16e-33	126
N8S8Y3	sp|Q8Z4W1|PDXK_SALTI	18.750	256	174	7	19	242	19	272	2.34e-33	125
N8S8Y3	sp|Q65UE8|PDXY_MANSM	20.690	203	146	5	54	241	54	256	2.65e-33	125
N8S8Y3	sp|Q2L1P5|PDXK_BORA1	23.684	228	160	5	25	238	38	265	5.19e-33	124
N8S8Y3	sp|Q1I2L8|PDXY_PSEE4	24.257	202	134	5	61	243	60	261	6.88e-33	124
N8S8Y3	sp|Q88C26|PDXY_PSEPK	21.401	257	186	7	3	243	5	261	1.06e-32	123
N8S8Y3	sp|Q02DJ3|PDXY_PSEAB	20.755	212	153	6	47	243	50	261	1.28e-32	123
N8S8Y3	sp|Q8ZPM8|PDXY_SALTY	21.359	206	146	6	54	243	54	259	1.70e-32	123
N8S8Y3	sp|Q57PI7|PDXY_SALCH	21.359	206	146	6	54	243	54	259	1.70e-32	123
N8S8Y3	sp|A5WB73|PDXY_PSEP1	21.401	257	186	7	3	243	5	261	2.65e-32	122
N8S8Y3	sp|Q5PIK8|PDXY_SALPA	20.874	206	147	6	54	243	54	259	3.01e-32	122
N8S8Y3	sp|Q83KY1|PDXY_SHIFL	20.388	206	148	6	54	243	55	260	4.73e-32	121
N8S8Y3	sp|Q6AFC1|PDXY_LEIXX	22.115	208	149	4	47	241	46	253	5.25e-32	121
N8S8Y3	sp|Q5E345|PDXY_ALIF1	20.109	184	133	4	72	241	76	259	5.27e-32	121
N8S8Y3	sp|A6VEZ4|PDXY_PSEA7	19.340	212	156	6	47	243	50	261	6.57e-32	121
N8S8Y3	sp|Q32FD7|PDXY_SHIDS	19.291	254	170	9	25	243	7	260	7.94e-32	121
N8S8Y3	sp|Q1RBF9|PDXY_ECOUT	20.874	206	147	6	54	243	55	260	8.11e-32	121
N8S8Y3	sp|Q0THJ1|PDXY_ECOL5	20.874	206	147	6	54	243	55	260	8.11e-32	121
N8S8Y3	sp|Q8FH89|PDXY_ECOL6	20.874	206	147	6	54	243	55	260	8.73e-32	121
N8S8Y3	sp|Q8X649|PDXY_ECO57	20.874	206	147	6	54	243	55	260	8.73e-32	121
N8S8Y3	sp|Q320Z3|PDXY_SHIBS	20.874	206	147	6	54	243	55	260	1.06e-31	121
N8S8Y3	sp|P77150|PDXY_ECOLI	20.874	206	147	6	54	243	55	260	1.06e-31	121
N8S8Y3	sp|B0KR83|PDXY_PSEPG	21.782	202	139	5	61	243	60	261	1.24e-31	121
N8S8Y3	sp|Q9HT57|PDXY_PSEAE	20.283	212	154	6	47	243	50	261	1.29e-31	120
N8S8Y3	sp|B7V753|PDXY_PSEA8	19.811	212	155	6	47	243	50	261	2.01e-31	120
N8S8Y3	sp|B1JFM7|PDXY_PSEPW	21.782	202	139	5	61	243	60	261	8.06e-31	118
N8S8Y3	sp|Q3Z1Z2|PDXY_SHISS	20.388	206	148	6	54	243	55	260	1.61e-30	118
N8S8Y3	sp|O01824|PDXK_CAEEL	24.859	177	116	6	75	239	101	272	1.63e-30	118
N8S8Y3	sp|Q6D5V1|PDXY_PECAS	22.105	190	135	5	62	238	64	253	1.65e-30	118
N8S8Y3	sp|Q48BL6|PDXY_PSE14	21.860	215	150	6	43	243	51	261	4.57e-30	116
N8S8Y3	sp|Q87TZ6|PDXY_PSESM	22.051	195	136	5	63	243	69	261	7.14e-29	113
N8S8Y3	sp|C3K4G7|PDXY_PSEFS	24.103	195	132	5	63	243	69	261	3.15e-28	111
N8S8Y3	sp|B2JCI0|PDXY_PARP8	22.422	223	147	8	41	241	37	255	1.63e-27	109
N8S8Y3	sp|Q3K4B8|PDXY_PSEPF	21.154	208	150	5	48	243	56	261	2.89e-27	109
N8S8Y3	sp|Q4K3F6|PDXY_PSEF5	23.762	202	137	6	56	243	63	261	5.58e-27	108
N8S8Y3	sp|Q63SC2|PDXY_BURPS	23.560	191	133	5	63	241	66	255	9.74e-27	108
N8S8Y3	sp|Q4ZL75|PDXY_PSEU2	22.564	195	135	5	63	243	69	261	1.30e-26	107
N8S8Y3	sp|Q9RYX0|PDXY_DEIRA	24.457	184	123	4	71	238	82	265	1.33e-26	107
N8S8Y3	sp|Q3JQA6|PDXY_BURP1	23.560	191	133	5	63	241	66	255	2.17e-26	106
N8S8Y3	sp|Q7W6K7|PDXK_BORPA	22.652	181	130	3	71	241	88	268	2.30e-26	106
N8S8Y3	sp|Q7WII1|PDXK_BORBR	22.652	181	130	3	71	241	88	268	2.30e-26	106
N8S8Y3	sp|Q2SXQ4|PDXY_BURTA	23.037	191	134	5	63	241	66	255	2.68e-26	106
N8S8Y3	sp|Q39I40|PDXY_BURL3	23.037	191	134	5	63	241	66	255	3.94e-26	106
N8S8Y3	sp|Q141E8|PDXY_PARXL	25.543	184	122	6	71	241	75	256	4.22e-26	106
N8S8Y3	sp|Q1AYE5|PDXY_RUBXD	24.176	182	127	3	71	241	79	260	9.37e-26	105
N8S8Y3	sp|Q62LP6|PDXY_BURMA	23.037	191	134	5	63	241	66	255	1.02e-25	105
N8S8Y3	sp|Q1BXQ7|PDXY_BURCA	24.457	184	124	6	71	241	74	255	1.03e-25	105
N8S8Y3	sp|Q8Z6Q3|PDXY_SALTI	21.875	160	112	5	54	200	54	213	8.87e-25	101
N8S8Y3	sp|Q7VYK4|PDXK_BORPE	20.994	181	133	3	71	241	88	268	9.75e-25	102
N8S8Y3	sp|O46560|PDXK_PIG	20.207	193	130	7	73	241	88	280	9.10e-23	98.0
N8S8Y3	sp|P82197|PDXK_SHEEP	19.689	193	131	7	73	241	78	270	3.49e-22	96.1
N8S8Y3	sp|O00764|PDXK_HUMAN	19.171	193	132	6	73	241	78	270	5.25e-22	95.7
N8S8Y3	sp|Q0II59|PDXK_BOVIN	20.619	194	128	8	73	241	78	270	1.04e-21	95.0
N8S8Y3	sp|O35331|PDXK_RAT	17.801	191	131	7	73	240	78	265	2.94e-21	93.8
N8S8Y3	sp|Q8W1X2|PDXK_ARATH	22.632	190	113	8	75	241	91	269	8.45e-21	92.3
N8S8Y3	sp|Q8K183|PDXK_MOUSE	17.277	191	132	6	73	240	78	265	3.57e-20	90.7
N8S8Y3	sp|O14242|YELB_SCHPO	21.608	199	126	8	73	245	78	272	3.89e-18	84.9
N8S8Y3	sp|O74860|YQ9A_SCHPO	21.348	178	122	7	56	217	66	241	2.74e-17	83.0
N8S8Y3	sp|P39988|BUD16_YEAST	22.043	186	121	8	47	213	50	230	3.90e-17	82.2
N8S8Y3	sp|Q55EK9|PDXK_DICDI	23.026	152	96	5	75	207	79	228	5.86e-15	76.1
N8S8Y3	sp|P53727|BUD17_YEAST	16.990	206	147	8	70	253	80	283	6.15e-13	70.7
N8S8Y3	sp|P0A9J6|RBSK_ECOLI	20.000	115	81	3	116	225	165	273	5.30e-09	59.1
N8S8Y3	sp|P0A9J7|RBSK_ECO57	20.000	115	81	3	116	225	165	273	5.30e-09	59.1
N8S8Y3	sp|P77493|YDJH_ECOLI	20.370	108	73	2	127	230	185	283	1.88e-07	54.5
N8S8Y3	sp|A1A6H3|RBSK_ARATH	24.561	114	73	3	127	233	244	351	3.51e-07	54.1
N8S8Y3	sp|Q8ESZ2|THIM1_OCEIH	22.500	200	124	7	49	233	35	218	9.80e-07	52.2
N8S8Y3	sp|P36945|RBSK_BACSU	16.561	157	118	4	80	233	122	268	2.33e-06	51.0
N8S8Y3	sp|P57168|Y060_BUCAI	22.772	101	66	3	132	226	189	283	2.71e-06	51.0
N8S8Y3	sp|D9TT10|PFKB_THETC	18.421	152	106	5	81	228	150	287	2.98e-06	51.0
N8S8Y3	sp|P44331|RBSK_HAEIN	18.881	143	103	3	115	250	162	298	1.62e-05	48.7
N8S8Y3	sp|P83534|RBSKI_LACSD	16.892	148	103	4	115	254	162	297	1.92e-05	48.7
N8S8Y3	sp|Q8KA54|Y057_BUCAP	23.762	101	65	3	132	226	189	283	3.13e-05	48.0
N8S8Y3	sp|B3E5M9|HLDE_GEOLS	21.116	251	149	10	4	230	73	298	3.46e-05	48.0
N8S8Y3	sp|Q9CF42|RBSK_LACLA	22.222	117	79	4	115	230	160	265	3.81e-05	47.6
N8S8Y3	sp|Q5WKY9|IOLC_BACSK	17.714	175	125	4	70	230	125	294	4.44e-05	47.6
N8S8Y3	sp|P50845|KDGK_BACSU	26.724	116	76	2	117	230	176	284	6.86e-05	46.8
N8S8Y3	sp|A1AV12|HLDE_PELPD	15.936	251	162	8	4	230	73	298	8.27e-05	46.8
N8S8Y3	sp|P47143|ADK_YEAST	16.667	174	115	7	72	228	154	314	1.14e-04	46.4
N8S8Y3	sp|A0A0H2WZY4|RBSK_STAAC	16.260	123	89	4	115	230	163	278	1.39e-04	46.0
N8S8Y3	sp|Q84R36|MIK_ORYSJ	18.382	136	95	2	109	244	199	318	1.41e-04	46.0
N8S8Y3	sp|Q4L872|LACC_STAHJ	22.000	150	95	6	105	246	159	294	1.45e-04	46.0
N8S8Y3	sp|Q5GA22|MIK_MAIZE	18.519	135	94	2	110	244	189	307	1.50e-04	46.0
N8S8Y3	sp|Q4ZZ15|HLDE_PSEU2	26.923	104	66	3	132	230	188	286	1.66e-04	46.0
N8S8Y3	sp|Q2G2P8|NNRD_STAA8	19.767	258	165	11	4	246	29	259	1.89e-04	45.3
N8S8Y3	sp|P36059|NNRD_YEAST	19.251	187	123	7	53	225	96	268	2.33e-04	45.3
N8S8Y3	sp|Q48P39|HLDE_PSE14	25.962	104	67	3	132	230	188	286	2.36e-04	45.6
N8S8Y3	sp|Q87VF4|HLDE_PSESM	25.962	104	67	3	132	230	188	286	2.47e-04	45.6
N8S8Y3	sp|O31714|K1PF_BACSU	19.512	164	101	7	74	228	129	270	4.16e-04	44.5
N8S8Y3	sp|Q5JEK6|CYDK_THEKO	21.849	119	83	2	124	239	158	269	4.24e-04	44.5
N8S8Y3	sp|A6GXW4|NNRD_FLAPJ	19.231	104	71	2	128	227	147	241	4.41e-04	44.1
N8S8Y3	sp|A2BLC0|NNR_HYPBU	18.660	209	126	10	51	242	306	487	5.68e-04	44.5
N8S8Y3	sp|Q07Y78|HLDE_SHEFN	28.972	107	60	5	132	230	189	287	6.01e-04	44.1
N8S8Y3	sp|Q9JRZ9|NNRD_NEIMB	22.632	190	124	6	56	237	87	261	6.45e-04	43.7
N8S8Y3	sp|A7HUC7|HLDE_PARL1	21.495	107	75	2	132	233	201	303	6.64e-04	44.1
N8S8Y3	sp|O93919|ADK_SCHCO	14.789	142	95	4	118	240	197	331	6.92e-04	43.7
N8S8Y3	sp|Q0A4T7|HLDE_ALKEH	27.885	104	65	3	132	230	189	287	7.34e-04	44.1
N8S8Y3	sp|B9DU93|LACC_STRU0	22.556	133	82	5	105	230	159	277	7.81e-04	43.7
N8S8Y3	sp|O60116|RBSK_SCHPO	19.531	128	90	3	113	232	165	287	7.88e-04	43.7
N8S8Y3	sp|Q7M9U1|HLDE_WOLSU	18.243	148	90	3	102	225	144	284	0.001	43.7
N8S8Y3	sp|P23386|K1PF_RHOCA	19.403	134	97	2	110	238	161	288	0.001	43.3
N8S8Y3	sp|E9AD19|RBSK_LEIMA	18.333	120	88	2	118	232	189	303	0.001	42.9
N8S8Y3	sp|A4IPB3|IOLC_GEOTN	17.188	128	97	2	116	239	184	306	0.001	42.9
N8S8Y3	sp|A5EWS4|HLDE_DICNV	20.312	128	86	5	109	230	170	287	0.001	43.3
N8S8Y3	sp|Q4KJA9|HLDE_PSEF5	24.038	104	69	2	132	230	188	286	0.001	42.9
N8S8Y3	sp|Q607M3|HLDE_METCA	24.818	137	84	5	132	254	187	318	0.002	42.9
N8S8Y3	sp|Q9CME6|HLDE_PASMU	24.038	104	69	2	132	230	189	287	0.002	42.9
N8S8Y3	sp|A9KDJ2|HLDE_COXBN	24.038	104	69	2	132	230	191	289	0.002	42.9
N8S8Y3	sp|Q53W83|KDGK_THET8	17.241	116	85	3	115	230	170	274	0.002	42.6
N8S8Y3	sp|P55262|ADK_CRIGR	13.475	141	102	3	123	249	224	358	0.002	42.6
N8S8Y3	sp|B7LQC9|HLDE_ESCF3	20.106	189	121	4	47	230	124	287	0.002	42.6
N8S8Y3	sp|Q97QL2|LACC_STRPN	22.857	105	67	3	133	230	179	276	0.002	42.6
N8S8Y3	sp|A6M229|IOLC_CLOB8	20.253	79	58	1	152	230	225	298	0.002	42.6
N8S8Y3	sp|C1CRA6|LACC_STRZT	22.857	105	67	3	133	230	179	276	0.002	42.2
N8S8Y3	sp|Q5X9Y3|LACC_STRP6	23.404	94	58	3	133	219	179	265	0.002	42.2
N8S8Y3	sp|B8ZQ64|LACC_STRPJ	22.857	105	67	3	133	230	179	276	0.002	42.2
N8S8Y3	sp|C1C7G0|LACC_STRP7	22.857	105	67	3	133	230	179	276	0.002	42.2
N8S8Y3	sp|A4VR47|HLDE_PSEU5	26.923	104	66	2	132	230	188	286	0.002	42.6
N8S8Y3	sp|Q83B60|HLDE_COXBU	24.038	104	69	2	132	230	191	289	0.002	42.6
N8S8Y3	sp|A9N9S2|HLDE_COXBR	24.038	104	69	2	132	230	191	289	0.002	42.6
N8S8Y3	sp|Q8XP78|IOLC_CLOPE	17.722	79	60	1	152	230	224	297	0.002	42.6
N8S8Y3	sp|Q0TUZ4|IOLC_CLOP1	17.722	79	60	1	152	230	224	297	0.002	42.6
N8S8Y3	sp|C1CEF2|LACC_STRZJ	22.857	105	67	3	133	230	179	276	0.002	42.2
N8S8Y3	sp|Q8DPP1|LACC_STRR6	22.857	105	67	3	133	230	179	276	0.002	42.2
N8S8Y3	sp|B2IPT7|LACC_STRPS	22.857	105	67	3	133	230	179	276	0.002	42.2
N8S8Y3	sp|B1IBZ5|LACC_STRPI	22.857	105	67	3	133	230	179	276	0.002	42.2
N8S8Y3	sp|Q04KC3|LACC_STRP2	22.857	105	67	3	133	230	179	276	0.002	42.2
N8S8Y3	sp|B5XII4|LACC_STRPZ	23.404	94	58	3	133	219	179	265	0.002	42.2
N8S8Y3	sp|Q0C190|HLDE_HYPNA	20.635	126	89	2	132	251	198	318	0.002	42.6
N8S8Y3	sp|C1CKT7|LACC_STRZP	22.857	105	67	3	133	230	179	276	0.002	42.2
N8S8Y3	sp|Q99Y14|LACC_STRP1	23.404	94	58	3	133	219	179	265	0.002	42.2
N8S8Y3	sp|Q3KJ28|HLDE_PSEPF	25.000	104	68	2	132	230	188	286	0.002	42.6
N8S8Y3	sp|B8CVJ1|HLDE_SHEPW	24.528	106	66	4	132	230	189	287	0.002	42.6
N8S8Y3	sp|Q890C2|THIM_LACPL	20.000	185	134	6	61	237	46	224	0.002	42.2
N8S8Y3	sp|Q0I1X5|HLDE_HAES1	21.374	131	82	3	105	230	172	286	0.002	42.6
N8S8Y3	sp|P26420|SCRK_KLEPN	18.868	106	79	2	116	220	165	264	0.003	42.2
N8S8Y3	sp|Q898F0|IOLC_CLOTE	17.204	93	72	1	138	230	211	298	0.003	42.2
N8S8Y3	sp|A8APT1|HLDE_CITK8	18.947	190	122	6	47	230	124	287	0.003	42.2
N8S8Y3	sp|A8FZZ3|HLDE_SHESH	21.875	128	87	4	108	230	168	287	0.003	42.2
N8S8Y3	sp|Q1J4Q3|LACC_STRPF	23.404	94	58	3	133	219	179	265	0.003	41.8
N8S8Y3	sp|A7ZA59|THIM_BACVZ	20.106	189	137	6	74	255	63	244	0.003	41.8
N8S8Y3	sp|A2RGF2|LACC_STRPG	23.404	94	58	3	133	219	179	265	0.003	41.8
N8S8Y3	sp|Q833W9|LACC_ENTFA	17.431	109	75	4	133	233	180	281	0.003	41.8
N8S8Y3	sp|Q8NZD9|LACC_STRP8	23.404	94	58	3	133	219	179	265	0.003	41.8
N8S8Y3	sp|B8E2P6|NNR_DICTD	19.767	172	111	5	63	226	316	468	0.003	42.2
N8S8Y3	sp|P32143|SQUV_ECOLI	19.658	117	86	3	115	230	158	267	0.003	41.8
N8S8Y3	sp|Q1JEY9|LACC_STRPD	22.340	94	59	3	133	219	179	265	0.003	41.8
N8S8Y3	sp|Q48RC4|LACC_STRPM	22.340	94	59	3	133	219	179	265	0.003	41.8
N8S8Y3	sp|Q0VM60|HLDE_ALCBS	25.600	125	81	3	132	250	190	308	0.004	41.8
N8S8Y3	sp|Q1JJZ7|LACC_STRPC	22.340	94	59	3	133	219	179	265	0.004	41.4
N8S8Y3	sp|Q1J9U8|LACC_STRPB	22.340	94	59	3	133	219	179	265	0.004	41.4
N8S8Y3	sp|B5E4T0|LACC_STRP4	21.905	105	68	3	133	230	179	276	0.004	41.4
N8S8Y3	sp|Q1I411|HLDE_PSEE4	25.000	104	68	2	132	230	188	286	0.004	41.8
N8S8Y3	sp|Q8DXC2|LACC_STRA5	22.857	105	67	3	133	230	180	277	0.004	41.4
N8S8Y3	sp|Q8E346|LACC2_STRA3	22.857	105	67	3	133	230	180	277	0.004	41.4
N8S8Y3	sp|O29891|Y356_ARCFU	18.812	101	73	3	126	225	131	223	0.005	41.0
N8S8Y3	sp|A4WEI4|HLDE_ENT38	18.947	190	122	6	47	230	124	287	0.005	41.4
N8S8Y3	sp|B7ND40|HLDE_ECOLU	19.577	189	122	4	47	230	124	287	0.005	41.4
N8S8Y3	sp|Q65T41|HLDE_MANSM	25.000	100	65	2	132	226	189	283	0.005	41.4
N8S8Y3	sp|Q32BR2|HLDE_SHIDS	19.577	189	122	4	47	230	124	287	0.006	41.0
N8S8Y3	sp|A8FIR7|THIM_BACP2	21.164	189	120	6	82	255	70	244	0.006	40.6
N8S8Y3	sp|Q0T0L1|HLDE_SHIF8	19.577	189	122	4	47	230	124	287	0.006	41.0
N8S8Y3	sp|B5YR91|HLDE_ECO5E	19.577	189	122	4	47	230	124	287	0.006	41.0
N8S8Y3	sp|Q7AAQ7|HLDE_ECO57	19.577	189	122	4	47	230	124	287	0.006	41.0
N8S8Y3	sp|Q3YXJ0|HLDE_SHISS	19.577	189	122	4	47	230	124	287	0.006	41.0
N8S8Y3	sp|Q31WY3|HLDE_SHIBS	19.577	189	122	4	47	230	124	287	0.006	41.0
N8S8Y3	sp|B2U1F7|HLDE_SHIB3	19.577	189	122	4	47	230	124	287	0.006	41.0
N8S8Y3	sp|B1LF43|HLDE_ECOSM	19.577	189	122	4	47	230	124	287	0.007	41.0
N8S8Y3	sp|B6I423|HLDE_ECOSE	19.577	189	122	4	47	230	124	287	0.007	41.0
N8S8Y3	sp|P76658|HLDE_ECOLI	19.577	189	122	4	47	230	124	287	0.007	41.0
N8S8Y3	sp|B1IRR4|HLDE_ECOLC	19.577	189	122	4	47	230	124	287	0.007	41.0
N8S8Y3	sp|Q0TD55|HLDE_ECOL5	19.577	189	122	4	47	230	124	287	0.007	41.0
N8S8Y3	sp|B1XG57|HLDE_ECODH	19.577	189	122	4	47	230	124	287	0.007	41.0
N8S8Y3	sp|C4ZQW9|HLDE_ECOBW	19.577	189	122	4	47	230	124	287	0.007	41.0
N8S8Y3	sp|B7LZK1|HLDE_ECO8A	19.577	189	122	4	47	230	124	287	0.007	41.0
N8S8Y3	sp|B7NJR5|HLDE_ECO7I	19.577	189	122	4	47	230	124	287	0.007	41.0
N8S8Y3	sp|B7LGY7|HLDE_ECO55	19.577	189	122	4	47	230	124	287	0.007	41.0
N8S8Y3	sp|B7UIW0|HLDE_ECO27	19.577	189	122	4	47	230	124	287	0.007	41.0
N8S8Y3	sp|A7ZRT3|HLDE_ECO24	19.577	189	122	4	47	230	124	287	0.007	41.0
N8S8Y3	sp|Q1R6S9|HLDE_ECOUT	19.577	189	122	4	47	230	124	287	0.007	41.0
N8S8Y3	sp|Q8FDH5|HLDE_ECOL6	19.577	189	122	4	47	230	124	287	0.007	41.0
N8S8Y3	sp|A1AFX4|HLDE_ECOK1	19.577	189	122	4	47	230	124	287	0.007	41.0
N8S8Y3	sp|B7N0K1|HLDE_ECO81	19.577	189	122	4	47	230	124	287	0.007	41.0
N8S8Y3	sp|B7MAC8|HLDE_ECO45	19.577	189	122	4	47	230	124	287	0.007	41.0
N8S8Y3	sp|A6WJS7|HLDE_SHEB8	25.000	104	68	3	132	230	189	287	0.007	41.0
N8S8Y3	sp|Q7UBI8|HLDE_SHIFL	18.947	190	122	6	47	230	124	287	0.007	41.0
N8S8Y3	sp|P30235|PSUK_ECOLI	18.954	153	95	5	87	230	147	279	0.008	40.6
N8S8Y3	sp|O67377|NNR_AQUAE	22.556	133	81	8	105	228	339	458	0.008	40.6
N8S8Y3	sp|B8EE43|HLDE_SHEB2	25.000	104	68	3	132	230	189	287	0.008	40.6
N8S8Y3	sp|A3D837|HLDE_SHEB5	25.000	104	68	3	132	230	189	287	0.009	40.6
N8S8Y3	sp|A9L2P0|HLDE_SHEB9	25.000	104	68	3	132	230	189	287	0.009	40.6
N8S8Y3	sp|A7MP93|HLDE_CROS8	20.106	189	121	4	47	230	124	287	0.009	40.6
N8S8Y3	sp|P9WID3|PFKB_MYCTU	19.767	86	64	1	143	228	206	286	0.009	40.3
N8S8Y3	sp|P9WID2|PFKB_MYCTO	19.767	86	64	1	143	228	206	286	0.009	40.3
N8S8Y3	sp|Q5M731|TPS1L_ARATH	33.721	258	162	4	3	252	31	287	1.84e-92	284
N8S8Y3	sp|P99124|THID_STAAN	28.462	260	175	6	1	252	2	258	4.55e-89	267
N8S8Y3	sp|P66915|THID_STAAM	28.462	260	175	6	1	252	2	258	4.55e-89	267
N8S8Y3	sp|Q6GEY2|THID_STAAR	28.846	260	174	6	1	252	2	258	8.02e-89	267
N8S8Y3	sp|O48881|TPS1_BRANA	33.074	257	163	4	4	252	34	289	8.26e-89	275
N8S8Y3	sp|Q8NVH3|THID_STAAW	28.846	260	174	6	1	252	2	258	1.61e-88	266
N8S8Y3	sp|Q6G7L7|THID_STAAS	28.846	260	174	6	1	252	2	258	1.61e-88	266
N8S8Y3	sp|O94266|THI22_SCHPO	31.835	267	159	3	3	247	36	301	5.06e-87	271
N8S8Y3	sp|P55882|THID_SALTY	32.946	258	164	4	2	252	3	258	1.68e-85	258
N8S8Y3	sp|P76422|THID_ECOLI	32.558	258	165	4	2	252	3	258	3.19e-85	257
N8S8Y3	sp|O31620|THID_BACSU	32.812	256	163	4	4	253	5	257	1.48e-83	253
N8S8Y3	sp|O67772|THID_AQUAE	30.120	249	166	4	5	247	3	249	3.13e-80	244
N8S8Y3	sp|P39610|PDXK_BACSU	26.923	260	178	5	4	254	5	261	3.50e-80	245
N8S8Y3	sp|P44697|THID_HAEIN	31.783	258	166	3	4	253	6	261	3.62e-80	245
N8S8Y3	sp|Q8FTH8|THIED_COREF	33.074	257	165	2	2	252	222	477	1.45e-79	256
N8S8Y3	sp|Q2QWK9|TPS1_ORYSJ	34.884	258	159	4	3	252	57	313	1.47e-78	249
N8S8Y3	sp|P61422|THIED_GEOSL	34.241	257	159	4	2	252	225	477	2.08e-78	247
N8S8Y3	sp|Q8NQH1|THIED_CORGL	30.469	256	171	2	3	252	242	496	8.24e-78	252
N8S8Y3	sp|Q5HI96|PDXK_STAAC	28.514	249	162	6	4	241	5	248	7.55e-76	234
N8S8Y3	sp|Q88C26|PDXY_PSEPK	20.623	257	188	6	3	243	5	261	3.63e-74	230
N8S8Y3	sp|A5WB73|PDXY_PSEP1	20.623	257	188	6	3	243	5	261	6.05e-74	230
N8S8Y3	sp|Q8CTQ7|PDXK_STAES	26.506	249	167	6	4	241	5	248	7.77e-74	229
N8S8Y3	sp|Q5HRG7|PDXK_STAEQ	26.506	249	167	6	4	241	5	248	2.16e-73	228
N8S8Y3	sp|Q1I2L8|PDXY_PSEE4	21.401	257	186	6	3	243	5	261	2.43e-73	228
N8S8Y3	sp|O25515|THID_HELPY	31.274	259	169	3	1	252	4	260	3.33e-73	227
N8S8Y3	sp|B0KR83|PDXY_PSEPG	19.455	257	191	6	3	243	5	261	6.83e-73	227
N8S8Y3	sp|Q9USL6|YJK5_SCHPO	22.901	262	178	2	3	240	14	275	9.98e-73	228
N8S8Y3	sp|A6VEZ4|PDXY_PSEA7	18.288	257	194	6	3	243	5	261	5.95e-72	224
N8S8Y3	sp|B1JFM7|PDXY_PSEPW	19.455	257	191	6	3	243	5	261	1.14e-71	224
N8S8Y3	sp|Q9ZL00|THID_HELPJ	32.046	259	167	3	1	252	3	259	1.52e-71	223
N8S8Y3	sp|P56904|THID_RHIME	35.521	259	157	4	1	252	1	256	1.81e-71	222
N8S8Y3	sp|Q02DJ3|PDXY_PSEAB	19.844	257	190	6	3	243	5	261	2.94e-71	223
N8S8Y3	sp|Q48BL6|PDXY_PSE14	20.077	259	187	6	3	243	5	261	7.32e-71	222
N8S8Y3	sp|Q9HT57|PDXY_PSEAE	19.455	257	191	6	3	243	5	261	8.43e-71	222
N8S8Y3	sp|B7V753|PDXY_PSEA8	19.066	257	192	6	3	243	5	261	1.90e-70	220
N8S8Y3	sp|Q87TZ6|PDXY_PSESM	19.844	257	190	6	3	243	5	261	2.12e-70	220
N8S8Y3	sp|Q06490|THI22_YEAST	30.435	253	159	7	3	239	46	297	2.45e-70	229
N8S8Y3	sp|Q9ZBL1|THID_MYCLE	35.000	260	158	5	4	252	15	274	4.14e-70	219
N8S8Y3	sp|C3K4G7|PDXY_PSEFS	21.012	257	187	6	3	243	5	261	6.46e-69	217
N8S8Y3	sp|O94265|THI21_SCHPO	22.628	274	188	3	1	250	1	274	6.68e-69	223
N8S8Y3	sp|Q4K3F6|PDXY_PSEF5	20.623	257	188	6	3	243	5	261	1.49e-68	216
N8S8Y3	sp|Q3K4B8|PDXY_PSEPF	20.623	257	188	6	3	243	5	261	2.02e-68	215
N8S8Y3	sp|Q66A50|PDXY_YERPS	21.484	256	184	7	4	242	3	258	2.13e-68	215
N8S8Y3	sp|Q7N3W7|PDXY_PHOLL	19.531	256	189	6	4	242	3	258	5.70e-68	214
N8S8Y3	sp|Q1CIM6|PDXY_YERPN	21.484	256	184	7	4	242	3	258	7.33e-68	214
N8S8Y3	sp|Q7CIR8|PDXY_YERPE	21.484	256	184	7	4	242	3	258	7.33e-68	214
N8S8Y3	sp|Q1C792|PDXY_YERPA	21.484	256	184	7	4	242	3	258	7.33e-68	214
N8S8Y3	sp|B0UUD2|PDXY_HISS2	18.898	254	190	6	4	241	3	256	1.57e-67	213
N8S8Y3	sp|Q0I3D2|PDXY_HAES1	18.898	254	190	6	4	241	3	256	1.57e-67	213
N8S8Y3	sp|B3H2H2|PDXY_ACTP7	18.898	254	190	6	4	241	3	256	3.98e-67	212
N8S8Y3	sp|A3N2D3|PDXY_ACTP2	18.898	254	190	6	4	241	3	256	1.67e-66	210
N8S8Y3	sp|Q87FP6|PDXY_VIBPA	20.784	255	185	6	5	243	4	257	1.91e-66	210
N8S8Y3	sp|Q51892|PDXY_PROMI	18.992	258	190	6	4	242	3	260	2.10e-66	210
N8S8Y3	sp|Q9CNY1|PDXY_PASMU	20.392	255	187	6	4	242	3	257	6.26e-66	209
N8S8Y3	sp|Q8ZPM8|PDXY_SALTY	19.455	257	190	6	4	243	3	259	8.31e-66	208
N8S8Y3	sp|Q57PI7|PDXY_SALCH	19.455	257	190	6	4	243	3	259	8.31e-66	208
N8S8Y3	sp|Q4ZL75|PDXY_PSEU2	20.233	257	189	6	3	243	5	261	1.53e-65	208
N8S8Y3	sp|Q5PIK8|PDXY_SALPA	19.066	257	191	6	4	243	3	259	1.72e-65	208
N8S8Y3	sp|A7N5Q6|PDXY_VIBCB	20.866	254	184	5	5	242	4	256	1.84e-65	208
N8S8Y3	sp|Q08975|THI21_YEAST	30.769	273	159	7	3	250	24	291	2.33e-65	215
N8S8Y3	sp|Q7MGA4|PDXY_VIBVY	21.260	254	183	5	5	242	4	256	3.26e-65	207
N8S8Y3	sp|Q83KY1|PDXY_SHIFL	18.846	260	194	6	1	243	1	260	3.43e-65	207
N8S8Y3	sp|Q6LP62|PDXY_PHOPR	21.484	256	184	5	5	244	4	258	3.54e-65	207
N8S8Y3	sp|O83153|PDXK_TREPA	25.101	247	176	3	4	241	3	249	3.82e-65	206
N8S8Y3	sp|Q1RBF9|PDXY_ECOUT	19.231	260	193	6	1	243	1	260	4.03e-65	207
N8S8Y3	sp|Q0THJ1|PDXY_ECOL5	19.231	260	193	6	1	243	1	260	4.03e-65	207
N8S8Y3	sp|Q8D4Q2|PDXY_VIBVU	21.260	254	183	5	5	242	4	256	4.46e-65	207
N8S8Y3	sp|Q8FH89|PDXY_ECOL6	19.231	260	193	6	1	243	1	260	4.90e-65	207
N8S8Y3	sp|Q8X649|PDXY_ECO57	19.231	260	193	6	1	243	1	260	4.90e-65	207
N8S8Y3	sp|Q320Z3|PDXY_SHIBS	19.231	260	193	6	1	243	1	260	7.90e-65	206
N8S8Y3	sp|P77150|PDXY_ECOLI	19.231	260	193	6	1	243	1	260	7.90e-65	206
N8S8Y3	sp|Q65UE8|PDXY_MANSM	19.685	254	188	6	4	241	3	256	1.21e-64	206
N8S8Y3	sp|Q32FD7|PDXY_SHIDS	19.231	260	193	6	1	243	1	260	1.50e-64	205
N8S8Y3	sp|A6VNE5|PDXY_ACTSZ	19.685	254	188	6	4	241	3	256	1.62e-64	205
N8S8Y3	sp|Q08224|THI20_YEAST	30.037	273	161	7	3	250	24	291	2.30e-64	212
N8S8Y3	sp|A5UA83|PDXY_HAEIE	19.922	256	187	6	4	241	3	258	8.10e-64	203
N8S8Y3	sp|P9WG77|THID_MYCTU	34.109	258	161	5	3	252	4	260	9.37e-64	203
N8S8Y3	sp|P9WG76|THID_MYCTO	34.109	258	161	5	3	252	4	260	9.37e-64	203
N8S8Y3	sp|P66914|THID_MYCBO	34.109	258	161	5	3	252	4	260	9.37e-64	203
N8S8Y3	sp|Q5E345|PDXY_ALIF1	18.677	257	190	6	4	241	3	259	1.71e-63	203
N8S8Y3	sp|Q3Z1Z2|PDXY_SHISS	18.846	260	194	6	1	243	1	260	1.81e-63	203
N8S8Y3	sp|P44690|PDXY_HAEIN	19.922	256	187	6	4	241	3	258	3.90e-63	202
N8S8Y3	sp|Q9ZBR6|THID_STRCO	34.167	240	146	5	19	252	27	260	6.62e-63	201
N8S8Y3	sp|O85786|THID_SYNE7	32.031	256	164	5	3	252	4	255	2.03e-62	199
N8S8Y3	sp|Q6D5V1|PDXY_PECAS	20.000	255	188	7	4	242	3	257	1.49e-61	198
N8S8Y3	sp|B2JCI0|PDXY_PARP8	21.260	254	183	7	4	241	3	255	5.91e-59	191
N8S8Y3	sp|Q141E8|PDXY_PARXL	21.790	257	184	7	1	241	1	256	9.07e-59	191
N8S8Y3	sp|Q39I40|PDXY_BURL3	21.484	256	184	7	4	243	3	257	1.62e-58	190
N8S8Y3	sp|Q57688|THIDN_METJA	24.900	249	172	5	5	253	3	236	1.86e-58	194
N8S8Y3	sp|Q63SC2|PDXY_BURPS	21.705	258	181	7	4	243	3	257	4.01e-58	189
N8S8Y3	sp|Q3JQA6|PDXY_BURP1	21.705	258	181	7	4	243	3	257	6.38e-58	188
N8S8Y3	sp|Q2SXQ4|PDXY_BURTA	21.318	258	182	7	4	243	3	257	8.18e-58	188
N8S8Y3	sp|Q1BXQ7|PDXY_BURCA	21.318	258	182	7	4	243	3	257	1.95e-57	187
N8S8Y3	sp|P40191|PDXK_ECOLI	22.394	259	168	6	19	245	14	271	2.45e-57	187
N8S8Y3	sp|B1IX53|PDXK_ECOLC	22.394	259	168	6	19	245	14	271	2.45e-57	187
N8S8Y3	sp|A8A2R4|PDXK_ECOHS	22.394	259	168	6	19	245	14	271	2.45e-57	187
N8S8Y3	sp|B1XA89|PDXK_ECODH	22.394	259	168	6	19	245	14	271	2.45e-57	187
N8S8Y3	sp|C4ZVU9|PDXK_ECOBW	22.394	259	168	6	19	245	14	271	2.45e-57	187
N8S8Y3	sp|B7LL66|PDXK_ESCF3	22.266	256	166	6	19	242	14	268	2.88e-57	187
N8S8Y3	sp|B7N609|PDXK_ECOLU	22.008	259	169	6	19	245	14	271	2.94e-57	187
N8S8Y3	sp|Q62LP6|PDXY_BURMA	21.318	258	182	7	4	243	3	257	3.71e-57	187
N8S8Y3	sp|B5YZW5|PDXK_ECO5E	22.008	259	169	6	19	245	14	271	4.39e-57	186
N8S8Y3	sp|Q8XBL0|PDXK_ECO57	22.008	259	169	6	19	245	14	271	4.39e-57	186
N8S8Y3	sp|B7NPV5|PDXK_ECO7I	22.008	259	169	6	19	245	14	271	5.94e-57	186
N8S8Y3	sp|Q3YZC3|PDXK_SHISS	22.008	259	169	6	19	245	14	271	6.27e-57	186
N8S8Y3	sp|B6I4Z5|PDXK_ECOSE	22.008	259	169	6	19	245	14	271	6.27e-57	186
N8S8Y3	sp|B7M6S8|PDXK_ECO8A	22.008	259	169	6	19	245	14	271	6.27e-57	186
N8S8Y3	sp|B7UGB9|PDXK_ECO27	22.008	259	169	6	19	245	14	271	6.27e-57	186
N8S8Y3	sp|A7ZPL9|PDXK_ECO24	22.008	259	169	6	19	245	14	271	6.27e-57	186
N8S8Y3	sp|Q1R8V2|PDXK_ECOUT	22.008	259	169	6	19	245	14	271	8.48e-57	185
N8S8Y3	sp|Q8FFB5|PDXK_ECOL6	22.008	259	169	6	19	245	14	271	8.48e-57	185
N8S8Y3	sp|Q0TF48|PDXK_ECOL5	22.008	259	169	6	19	245	14	271	8.48e-57	185
N8S8Y3	sp|A1ADT5|PDXK_ECOK1	22.008	259	169	6	19	245	14	271	8.48e-57	185
N8S8Y3	sp|B7MY71|PDXK_ECO81	22.008	259	169	6	19	245	14	271	8.48e-57	185
N8S8Y3	sp|B7MHS2|PDXK_ECO45	22.008	259	169	6	19	245	14	271	8.48e-57	185
N8S8Y3	sp|B2TX08|PDXK_SHIB3	22.008	259	169	6	19	245	14	271	1.12e-56	185
N8S8Y3	sp|Q83K78|PDXK_SHIFL	22.008	259	169	6	19	245	14	271	1.54e-56	185
N8S8Y3	sp|Q32DD5|PDXK_SHIDS	22.008	259	169	6	19	245	14	271	2.01e-56	185
N8S8Y3	sp|B7LCG3|PDXK_ECO55	21.622	259	170	6	19	245	14	271	4.43e-56	183
N8S8Y3	sp|B1LML3|PDXK_ECOSM	21.622	259	170	6	19	245	14	271	1.25e-55	182
N8S8Y3	sp|Q6NG19|PDXY_CORDI	19.841	252	188	5	4	241	2	253	1.41e-55	182
N8S8Y3	sp|Q6AFC1|PDXY_LEIXX	20.635	252	186	5	4	241	2	253	1.88e-54	180
N8S8Y3	sp|Q0BSF0|PDXY_GRABC	20.543	258	183	6	4	241	2	257	8.97e-54	178
N8S8Y3	sp|Q8Z6Q3|PDXY_SALTI	19.178	219	160	6	4	205	3	221	1.03e-52	173
N8S8Y3	sp|Q1J237|PDXY_DEIGD	21.318	258	183	7	4	241	12	269	1.28e-52	175
N8S8Y3	sp|Q9WZP7|THIDN_THEMA	26.141	241	146	7	5	245	2	210	5.14e-50	171
N8S8Y3	sp|Q0II59|PDXK_BOVIN	15.472	265	197	7	4	241	6	270	5.57e-50	169
N8S8Y3	sp|O46560|PDXK_PIG	15.849	265	196	7	4	241	16	280	6.62e-50	169
N8S8Y3	sp|P82197|PDXK_SHEEP	15.472	265	197	7	4	241	6	270	1.31e-49	168
N8S8Y3	sp|Q1AYE5|PDXY_RUBXD	19.763	253	188	5	4	241	8	260	1.41e-49	167
N8S8Y3	sp|O00764|PDXK_HUMAN	16.981	265	193	8	4	241	6	270	3.00e-49	167
N8S8Y3	sp|Q1LFU5|PDXK_CUPMC	21.992	241	174	5	15	241	28	268	4.06e-49	166
N8S8Y3	sp|Q8K183|PDXK_MOUSE	16.981	265	193	9	4	241	6	270	6.23e-49	166
N8S8Y3	sp|O35331|PDXK_RAT	17.537	268	188	8	4	241	6	270	1.10e-48	165
N8S8Y3	sp|Q9RYX0|PDXY_DEIRA	19.767	258	187	6	4	241	11	268	1.23e-47	162
N8S8Y3	sp|P40192|PDXK_SALTY	18.359	256	175	7	19	242	19	272	1.93e-46	159
N8S8Y3	sp|Q57LS3|PDXK_SALCH	18.359	256	175	7	19	242	19	272	1.93e-46	159
N8S8Y3	sp|Q2L1P5|PDXK_BORA1	23.237	241	171	5	15	241	28	268	2.07e-46	159
N8S8Y3	sp|Q5PNC8|PDXK_SALPA	18.359	256	175	7	19	242	19	272	1.88e-45	156
N8S8Y3	sp|Q8Z4W1|PDXK_SALTI	18.359	256	175	7	19	242	19	272	9.70e-45	155
N8S8Y3	sp|O01824|PDXK_CAEEL	19.101	267	186	9	4	243	17	280	4.74e-43	151
N8S8Y3	sp|Q7W6K7|PDXK_BORPA	20.717	251	185	5	5	241	18	268	4.62e-41	145
N8S8Y3	sp|Q7WII1|PDXK_BORBR	20.717	251	185	5	5	241	18	268	4.62e-41	145
N8S8Y3	sp|Q7VYK4|PDXK_BORPE	19.522	251	188	5	5	241	18	268	1.29e-39	141
N8S8Y3	sp|O14242|YELB_SCHPO	19.853	272	183	10	4	245	6	272	1.06e-37	137
N8S8Y3	sp|Q8W1X2|PDXK_ARATH	16.988	259	188	9	4	241	17	269	2.04e-37	136
N8S8Y3	sp|P39988|BUD16_YEAST	18.345	278	194	10	3	251	2	275	1.94e-34	128
N8S8Y3	sp|P53727|BUD17_YEAST	17.391	276	200	10	4	253	10	283	5.63e-34	127
N8S8Y3	sp|Q55EK9|PDXK_DICDI	18.587	269	185	8	1	241	1	263	5.92e-34	127
N8S8Y3	sp|O74860|YQ9A_SCHPO	19.048	231	168	8	4	217	13	241	4.54e-33	125
N8S8Y3	sp|B3E5M9|HLDE_GEOLS	19.923	261	160	10	4	240	73	308	5.49e-28	114
N8S8Y3	sp|A1AV12|HLDE_PELPD	15.613	269	176	9	4	246	73	316	8.32e-26	108
N8S8Y3	sp|Q2G2P8|NNRD_STAA8	19.615	260	167	11	2	246	27	259	4.17e-25	103
N8S8Y3	sp|P36945|RBSK_BACSU	15.385	234	173	6	32	254	66	285	3.64e-23	98.4
N8S8Y3	sp|D9TT10|PFKB_THETC	15.976	169	126	4	81	246	150	305	4.54e-23	98.8
N8S8Y3	sp|P44331|RBSK_HAEIN	18.750	144	104	3	114	250	161	298	3.42e-22	96.1
N8S8Y3	sp|B7LQC9|HLDE_ESCF3	19.797	197	128	4	47	238	124	295	1.60e-21	96.1
N8S8Y3	sp|Q5WKY9|IOLC_BACSK	16.216	185	136	3	70	240	125	304	2.10e-21	94.2
N8S8Y3	sp|Q7UBI8|HLDE_SHIFL	19.289	197	129	4	47	238	124	295	3.87e-21	95.0
N8S8Y3	sp|B7ND40|HLDE_ECOLU	19.289	197	129	4	47	238	124	295	5.08e-21	95.0
N8S8Y3	sp|Q32BR2|HLDE_SHIDS	19.289	197	129	4	47	238	124	295	6.17e-21	94.6
N8S8Y3	sp|Q3YXJ0|HLDE_SHISS	19.289	197	129	4	47	238	124	295	6.35e-21	94.6
N8S8Y3	sp|B5YR91|HLDE_ECO5E	19.289	197	129	4	47	238	124	295	6.42e-21	94.6
N8S8Y3	sp|Q7AAQ7|HLDE_ECO57	19.289	197	129	4	47	238	124	295	6.42e-21	94.6
N8S8Y3	sp|Q0T0L1|HLDE_SHIF8	19.289	197	129	4	47	238	124	295	6.61e-21	94.6
N8S8Y3	sp|Q31WY3|HLDE_SHIBS	19.289	197	129	4	47	238	124	295	6.87e-21	94.6
N8S8Y3	sp|B2U1F7|HLDE_SHIB3	19.289	197	129	4	47	238	124	295	6.87e-21	94.6
N8S8Y3	sp|B1LF43|HLDE_ECOSM	19.289	197	129	4	47	238	124	295	7.28e-21	94.2
N8S8Y3	sp|B6I423|HLDE_ECOSE	19.289	197	129	4	47	238	124	295	7.28e-21	94.2
N8S8Y3	sp|P76658|HLDE_ECOLI	19.289	197	129	4	47	238	124	295	7.28e-21	94.2
N8S8Y3	sp|B1IRR4|HLDE_ECOLC	19.289	197	129	4	47	238	124	295	7.28e-21	94.2
N8S8Y3	sp|Q0TD55|HLDE_ECOL5	19.289	197	129	4	47	238	124	295	7.28e-21	94.2
N8S8Y3	sp|B1XG57|HLDE_ECODH	19.289	197	129	4	47	238	124	295	7.28e-21	94.2
N8S8Y3	sp|C4ZQW9|HLDE_ECOBW	19.289	197	129	4	47	238	124	295	7.28e-21	94.2
N8S8Y3	sp|B7LZK1|HLDE_ECO8A	19.289	197	129	4	47	238	124	295	7.28e-21	94.2
N8S8Y3	sp|B7NJR5|HLDE_ECO7I	19.289	197	129	4	47	238	124	295	7.28e-21	94.2
N8S8Y3	sp|B7LGY7|HLDE_ECO55	19.289	197	129	4	47	238	124	295	7.28e-21	94.2
N8S8Y3	sp|B7UIW0|HLDE_ECO27	19.289	197	129	4	47	238	124	295	7.28e-21	94.2
N8S8Y3	sp|A7ZRT3|HLDE_ECO24	19.289	197	129	4	47	238	124	295	7.28e-21	94.2
N8S8Y3	sp|Q1R6S9|HLDE_ECOUT	19.289	197	129	4	47	238	124	295	7.42e-21	94.2
N8S8Y3	sp|Q8FDH5|HLDE_ECOL6	19.289	197	129	4	47	238	124	295	7.42e-21	94.2
N8S8Y3	sp|A1AFX4|HLDE_ECOK1	19.289	197	129	4	47	238	124	295	7.42e-21	94.2
N8S8Y3	sp|B7N0K1|HLDE_ECO81	19.289	197	129	4	47	238	124	295	7.42e-21	94.2
N8S8Y3	sp|B7MAC8|HLDE_ECO45	19.289	197	129	4	47	238	124	295	7.42e-21	94.2
N8S8Y3	sp|P0A9J6|RBSK_ECOLI	20.870	115	80	2	116	225	165	273	9.26e-21	92.3
N8S8Y3	sp|P0A9J7|RBSK_ECO57	20.870	115	80	2	116	225	165	273	9.26e-21	92.3
N8S8Y3	sp|P77493|YDJH_ECOLI	17.188	128	93	2	127	250	185	303	1.24e-20	91.9
N8S8Y3	sp|A8APT1|HLDE_CITK8	19.289	197	129	4	47	238	124	295	1.77e-20	93.4
N8S8Y3	sp|P83534|RBSKI_LACSD	17.931	145	105	3	115	254	162	297	2.06e-20	93.4
N8S8Y3	sp|A8A4K6|HLDE_ECOHS	18.782	197	130	4	47	238	124	295	2.54e-20	92.6
N8S8Y3	sp|A4WEI4|HLDE_ENT38	19.797	197	128	4	47	238	124	295	4.10e-20	92.3
N8S8Y3	sp|B5XU40|HLDE_KLEP3	18.782	197	130	4	47	238	124	295	1.42e-19	90.7
N8S8Y3	sp|A7MP93|HLDE_CROS8	19.797	197	128	4	47	238	124	295	1.53e-19	90.7
N8S8Y3	sp|A1A6H3|RBSK_ARATH	21.019	157	100	5	105	254	229	368	1.74e-19	89.6
N8S8Y3	sp|A6TE31|HLDE_KLEP7	18.782	197	130	4	47	238	124	295	4.71e-19	89.2
N8S8Y3	sp|B5BG11|HLDE_SALPK	18.782	197	130	4	47	238	124	295	6.79e-19	88.8
N8S8Y3	sp|Q5PC86|HLDE_SALPA	18.782	197	130	4	47	238	124	295	6.79e-19	88.8
N8S8Y3	sp|Q7CPR9|HLDE_SALTY	18.782	197	130	4	47	238	124	295	7.34e-19	88.8
N8S8Y3	sp|Q8XEW9|HLDE_SALTI	18.782	197	130	4	47	238	124	295	7.34e-19	88.8
N8S8Y3	sp|B4TVT4|HLDE_SALSV	18.782	197	130	4	47	238	124	295	7.34e-19	88.8
N8S8Y3	sp|C0PYX3|HLDE_SALPC	18.782	197	130	4	47	238	124	295	7.34e-19	88.8
N8S8Y3	sp|A9N5X8|HLDE_SALPB	18.782	197	130	4	47	238	124	295	7.34e-19	88.8
N8S8Y3	sp|B4T670|HLDE_SALNS	18.782	197	130	4	47	238	124	295	7.34e-19	88.8
N8S8Y3	sp|B4TI51|HLDE_SALHS	18.782	197	130	4	47	238	124	295	7.34e-19	88.8
N8S8Y3	sp|Q57JQ9|HLDE_SALCH	18.782	197	130	4	47	238	124	295	7.34e-19	88.8
N8S8Y3	sp|B5F696|HLDE_SALA4	18.782	197	130	4	47	238	124	295	7.34e-19	88.8
N8S8Y3	sp|B5REF8|HLDE_SALG2	18.782	197	130	4	47	238	124	295	7.48e-19	88.4
N8S8Y3	sp|B5QZ36|HLDE_SALEP	18.782	197	130	4	47	238	124	295	7.48e-19	88.4
N8S8Y3	sp|B5FHT5|HLDE_SALDC	18.782	197	130	4	47	238	124	295	1.33e-18	88.0
N8S8Y3	sp|P57168|Y060_BUCAI	18.182	187	122	5	59	240	137	297	1.50e-18	86.5
N8S8Y3	sp|Q7VM30|HLDE_HAEDU	18.462	195	128	5	59	248	137	305	1.20e-17	84.9
N8S8Y3	sp|A4IPB3|IOLC_GEOTN	15.337	163	125	4	81	239	153	306	1.31e-17	84.2
N8S8Y3	sp|A9MPW3|HLDE_SALAR	18.274	197	131	5	47	238	124	295	1.43e-17	84.9
N8S8Y3	sp|B2VGJ9|HLDE_ERWT9	20.707	198	125	7	47	238	124	295	1.65e-17	84.6
N8S8Y3	sp|Q8KA54|Y057_BUCAP	22.581	124	84	3	132	248	189	307	2.47e-17	83.0
N8S8Y3	sp|O31714|K1PF_BACSU	18.848	191	120	9	51	231	108	273	2.48e-17	82.6
N8S8Y3	sp|Q0I1X5|HLDE_HAES1	20.863	139	89	3	105	238	172	294	2.64e-17	84.2
N8S8Y3	sp|P55262|ADK_CRIGR	11.351	185	130	6	82	249	191	358	2.66e-17	83.4
N8S8Y3	sp|Q607M3|HLDE_METCA	19.070	215	138	8	54	254	126	318	3.61e-17	83.8
N8S8Y3	sp|A0A0H2WZY4|RBSK_STAAC	14.010	207	145	8	43	240	106	288	4.43e-17	82.2
N8S8Y3	sp|Q9CME6|HLDE_PASMU	19.124	251	164	8	4	238	68	295	7.01e-17	83.0
N8S8Y3	sp|A3MZC0|HLDE_ACTP2	17.838	185	121	5	59	238	137	295	1.03e-16	82.2
N8S8Y3	sp|Q84R36|MIK_ORYSJ	19.853	136	93	3	109	244	199	318	1.05e-16	81.9
N8S8Y3	sp|Q4L872|LACC_STAHJ	19.632	163	105	7	92	246	150	294	1.05e-16	81.1
N8S8Y3	sp|Q8GLU7|HLDE_ACTPL	17.838	185	121	5	59	238	137	295	1.08e-16	82.2
N8S8Y3	sp|Q9CF42|RBSK_LACLA	19.531	128	91	3	114	240	159	275	1.09e-16	81.1
N8S8Y3	sp|E9AD19|RBSK_LEIMA	17.483	143	106	3	117	252	188	325	1.12e-16	81.5
N8S8Y3	sp|Q65T41|HLDE_MANSM	20.482	166	102	4	78	238	155	295	1.42e-16	81.9
N8S8Y3	sp|A5UCC3|HLDE_HAEIE	20.144	139	90	3	105	238	173	295	1.52e-16	81.9
N8S8Y3	sp|Q4QKN8|HLDE_HAEI8	20.144	139	90	3	105	238	173	295	1.52e-16	81.9
N8S8Y3	sp|O05074|HLDE_HAEIN	20.863	139	89	3	105	238	173	295	1.56e-16	81.9
N8S8Y3	sp|Q8ESZ2|THIM1_OCEIH	22.439	205	128	7	44	233	30	218	1.87e-16	79.5
N8S8Y3	sp|Q4KJA9|HLDE_PSEF5	20.398	201	125	6	59	250	132	306	1.89e-16	81.5
N8S8Y3	sp|Q5KYR3|IOLC_GEOKA	15.951	163	124	4	81	239	153	306	2.00e-16	80.7
N8S8Y3	sp|Q83B60|HLDE_COXBU	21.212	132	91	3	114	240	176	299	2.13e-16	81.5
N8S8Y3	sp|A9N9S2|HLDE_COXBR	21.212	132	91	3	114	240	176	299	2.13e-16	81.5
N8S8Y3	sp|A5UEH8|HLDE_HAEIG	20.863	139	89	3	105	238	173	295	3.21e-16	81.1
N8S8Y3	sp|A9KDJ2|HLDE_COXBN	21.212	132	91	3	114	240	176	299	3.30e-16	81.1
N8S8Y3	sp|B4EW46|HLDE_PROMH	18.717	187	121	5	57	238	135	295	3.52e-16	80.7
N8S8Y3	sp|Q5GA22|MIK_MAIZE	19.259	135	93	3	110	244	189	307	3.56e-16	80.3
N8S8Y3	sp|P50845|KDGK_BACSU	24.113	141	92	4	117	254	176	304	3.61e-16	79.9
N8S8Y3	sp|A1SZY2|HLDE_PSYIN	20.098	204	135	6	50	247	124	305	6.42e-16	79.9
N8S8Y3	sp|Q1I411|HLDE_PSEE4	19.095	199	130	5	57	250	134	306	6.88e-16	79.9
N8S8Y3	sp|Q64640|ADK_RAT	10.440	182	135	6	82	249	191	358	7.77e-16	79.2
N8S8Y3	sp|O60116|RBSK_SCHPO	18.519	135	96	4	107	232	158	287	7.89e-16	78.8
N8S8Y3	sp|Q7M9U1|HLDE_WOLSU	16.860	172	109	4	82	229	127	288	8.18e-16	79.9
N8S8Y3	sp|Q9JRZ9|NNRD_NEIMB	21.901	242	161	8	4	237	40	261	9.91e-16	78.4
N8S8Y3	sp|A5EWS4|HLDE_DICNV	19.853	136	93	5	109	238	170	295	1.06e-15	79.5
N8S8Y3	sp|A6VP06|HLDE_ACTSZ	20.863	139	89	3	105	238	173	295	1.26e-15	79.2
N8S8Y3	sp|Q4ZZ15|HLDE_PSEU2	22.517	151	96	4	105	250	172	306	1.49e-15	79.2
N8S8Y3	sp|Q87VF4|HLDE_PSESM	21.854	151	97	4	105	250	172	306	1.59e-15	78.8
N8S8Y3	sp|A8FZZ3|HLDE_SHESH	21.739	138	95	4	108	240	168	297	1.84e-15	78.8
N8S8Y3	sp|Q48P39|HLDE_PSE14	21.854	151	97	5	105	250	172	306	1.96e-15	78.8
N8S8Y3	sp|A4VR47|HLDE_PSEU5	23.179	151	95	3	105	250	172	306	2.25e-15	78.4
N8S8Y3	sp|Q3KJ28|HLDE_PSEPF	19.900	201	126	6	59	250	132	306	2.70e-15	78.4
N8S8Y3	sp|P36059|NNRD_YEAST	18.478	184	128	6	53	225	96	268	3.17e-15	77.2
N8S8Y3	sp|P47143|ADK_YEAST	14.583	192	134	6	72	246	154	332	3.61e-15	77.2
N8S8Y3	sp|Q7N0C3|HLDE_PHOLL	19.251	187	120	5	57	238	135	295	5.86e-15	77.2
N8S8Y3	sp|A1JQV6|HLDE_YERE8	17.677	198	131	6	47	238	124	295	6.41e-15	77.2
N8S8Y3	sp|A7HUC7|HLDE_PARL1	22.000	150	95	4	105	248	185	318	6.59e-15	77.2
N8S8Y3	sp|Q0A4T7|HLDE_ALKEH	25.490	153	89	5	106	238	148	295	8.05e-15	76.8
N8S8Y3	sp|Q7VQQ6|HLDE_BLOFL	16.346	208	131	8	59	247	121	304	8.63e-15	76.8
N8S8Y3	sp|Q53W83|KDGK_THET8	17.073	123	91	3	115	237	170	281	1.16e-14	75.3
N8S8Y3	sp|Q0VM60|HLDE_ALCBS	23.000	200	123	7	56	250	135	308	1.21e-14	76.5
N8S8Y3	sp|Q31IC2|HLDE_HYDCU	18.500	200	136	7	49	243	120	297	1.30e-14	76.1
N8S8Y3	sp|Q8XP78|IOLC_CLOPE	13.441	186	140	3	70	239	126	306	1.30e-14	75.7
N8S8Y3	sp|Q0TUZ4|IOLC_CLOP1	13.441	186	140	3	70	239	126	306	1.30e-14	75.7
N8S8Y3	sp|P55264|ADK_MOUSE	10.270	185	132	7	82	249	191	358	2.05e-14	75.3
N8S8Y3	sp|Q07Y78|HLDE_SHEFN	25.185	135	88	4	109	238	169	295	2.21e-14	75.7
N8S8Y3	sp|B8CVJ1|HLDE_SHEPW	18.876	249	163	10	8	240	72	297	3.82e-14	74.9
N8S8Y3	sp|C5BHH2|HLDE_EDWI9	17.677	198	131	6	47	238	124	295	4.40e-14	74.5
N8S8Y3	sp|A6M229|IOLC_CLOB8	13.846	195	145	4	62	239	119	307	5.00e-14	73.8
N8S8Y3	sp|Q0HYC0|HLDE_SHESR	22.963	135	91	4	109	238	169	295	5.06e-14	74.5
N8S8Y3	sp|Q0HFL0|HLDE_SHESM	22.963	135	91	4	109	238	169	295	5.06e-14	74.5
N8S8Y3	sp|A0KTG8|HLDE_SHESA	22.963	135	91	4	109	238	169	295	5.10e-14	74.5
N8S8Y3	sp|C3KDB8|HLDE_PSEFS	21.192	151	98	3	105	250	172	306	5.70e-14	74.2
N8S8Y3	sp|B9DU93|LACC_STRU0	19.802	202	128	9	43	231	98	278	6.10e-14	73.4
N8S8Y3	sp|Q8EAZ2|HLDE_SHEON	22.222	135	92	4	109	238	169	295	6.77e-14	74.2
N8S8Y3	sp|A6WJS7|HLDE_SHEB8	25.000	112	74	3	132	238	189	295	9.77e-14	73.8
N8S8Y3	sp|P55263|ADK_HUMAN	9.890	182	136	6	82	249	192	359	1.07e-13	73.0
N8S8Y3	sp|B0TTF2|HLDE_SHEHH	17.928	251	163	8	8	240	72	297	1.14e-13	73.4
N8S8Y3	sp|A3D837|HLDE_SHEB5	25.000	112	74	3	132	238	189	295	1.14e-13	73.4
N8S8Y3	sp|B8EE43|HLDE_SHEB2	25.000	112	74	3	132	238	189	295	1.21e-13	73.4
N8S8Y3	sp|A9L2P0|HLDE_SHEB9	25.000	112	74	3	132	238	189	295	1.22e-13	73.4
N8S8Y3	sp|A1RGD1|HLDE_SHESW	23.077	130	87	4	114	238	174	295	1.92e-13	72.6
N8S8Y3	sp|Q39X60|HLDE_GEOMG	15.730	267	174	9	2	243	71	311	2.09e-13	72.6
N8S8Y3	sp|A4Y9Z9|HLDE_SHEPC	23.077	130	87	4	114	238	174	295	2.11e-13	72.6
N8S8Y3	sp|A3QAN3|HLDE_SHELP	18.367	245	165	8	8	238	72	295	2.11e-13	72.6
N8S8Y3	sp|Q6D164|HLDE_PECAS	17.677	198	131	6	47	238	124	295	2.18e-13	72.6
N8S8Y3	sp|Q88D93|HLDE_PSEPK	22.517	151	96	4	105	250	172	306	2.29e-13	72.6
N8S8Y3	sp|A5W9W6|HLDE_PSEP1	22.517	151	96	4	105	250	172	306	2.29e-13	72.6
N8S8Y3	sp|Q5JEK6|CYDK_THEKO	20.325	123	82	3	124	240	158	270	2.45e-13	71.5
N8S8Y3	sp|Q12RC7|HLDE_SHEDO	23.704	135	90	4	109	238	169	295	3.11e-13	72.2
N8S8Y3	sp|O27587|NK_METTH	18.045	133	98	3	125	255	176	299	3.97e-13	71.1
N8S8Y3	sp|Q8Y9Y2|IOLC_LISMO	17.416	178	124	4	79	240	134	304	4.29e-13	71.1
N8S8Y3	sp|O93919|ADK_SCHCO	14.085	142	96	4	118	240	197	331	4.87e-13	71.1
N8S8Y3	sp|B5EEZ1|HLDE_GEOBB	18.750	256	163	9	5	238	74	306	4.94e-13	71.5
N8S8Y3	sp|Q5HM37|LACC_STAEQ	17.413	201	134	9	57	246	115	294	5.15e-13	70.7
N8S8Y3	sp|Q493X3|HLDE_BLOPB	17.143	175	117	7	75	243	148	300	5.78e-13	71.5
N8S8Y3	sp|Q8CRJ4|LACC_STAES	18.023	172	123	5	86	246	130	294	5.78e-13	70.7
N8S8Y3	sp|Q4V1F7|IOLC2_BACCZ	16.364	165	124	5	81	240	153	308	5.94e-13	70.7
N8S8Y3	sp|Q723S9|IOLC_LISMF	17.978	178	123	4	79	240	134	304	6.19e-13	70.7
N8S8Y3	sp|C1KZA1|IOLC_LISMC	17.978	178	123	4	79	240	134	304	6.19e-13	70.7
N8S8Y3	sp|A8H086|HLDE_SHEPA	21.168	137	95	4	109	240	169	297	6.28e-13	71.5
N8S8Y3	sp|O29891|Y356_ARCFU	15.517	116	91	2	125	240	130	238	6.62e-13	69.5
N8S8Y3	sp|A2BLC0|NNR_HYPBU	17.424	264	169	9	4	242	248	487	6.89e-13	71.1
N8S8Y3	sp|A6Q4Z6|HLDE_NITSB	15.589	263	173	10	15	243	43	290	7.22e-13	71.1
N8S8Y3	sp|P30235|PSUK_ECOLI	18.792	149	100	4	87	230	147	279	7.68e-13	70.3
N8S8Y3	sp|A5G6F4|HLDE_GEOUR	18.216	269	169	11	5	247	74	317	7.78e-13	71.1
N8S8Y3	sp|B1JM26|HLDE_YERPY	18.182	198	130	6	47	238	124	295	8.56e-13	70.7
N8S8Y3	sp|Q665V3|HLDE_YERPS	18.182	198	130	6	47	238	124	295	8.56e-13	70.7
N8S8Y3	sp|B2K2H4|HLDE_YERPB	18.182	198	130	6	47	238	124	295	8.56e-13	70.7
N8S8Y3	sp|A7FE79|HLDE_YERP3	18.182	198	130	6	47	238	124	295	8.56e-13	70.7
N8S8Y3	sp|A4SIG6|HLDE_AERS4	23.077	130	87	4	114	238	174	295	8.71e-13	70.7
N8S8Y3	sp|A4THT9|HLDE_YERPP	18.182	198	130	6	47	238	124	295	8.72e-13	70.7
N8S8Y3	sp|Q1CMD4|HLDE_YERPN	18.182	198	130	6	47	238	124	295	8.72e-13	70.7
N8S8Y3	sp|A9R7D5|HLDE_YERPG	18.182	198	130	6	47	238	124	295	8.72e-13	70.7
N8S8Y3	sp|Q8ZI60|HLDE_YERPE	18.182	198	130	6	47	238	124	295	8.72e-13	70.7
N8S8Y3	sp|Q1C374|HLDE_YERPA	18.182	198	130	6	47	238	124	295	8.72e-13	70.7
N8S8Y3	sp|B6ELZ7|HLDE_ALISL	16.000	225	148	9	20	225	80	282	8.88e-13	70.7
N8S8Y3	sp|A7ZAH9|IOLC_BACVZ	15.508	187	135	4	70	240	125	304	9.50e-13	70.3
N8S8Y3	sp|B0KL32|HLDE_PSEPG	18.537	205	132	6	55	250	128	306	1.12e-12	70.7
N8S8Y3	sp|Q63B75|IOLC1_BACCZ	16.364	165	124	5	81	240	153	308	1.14e-12	69.9
N8S8Y3	sp|B8FB71|HLDE_DESAL	20.359	167	101	6	82	224	135	293	1.15e-12	70.7
N8S8Y3	sp|Q81QB7|IOLC_BACAN	16.364	165	124	5	81	240	153	308	1.60e-12	69.5
N8S8Y3	sp|C3LHY4|IOLC_BACAC	16.364	165	124	5	81	240	153	308	1.60e-12	69.5
N8S8Y3	sp|C3PAZ0|IOLC_BACAA	16.364	165	124	5	81	240	153	308	1.60e-12	69.5
N8S8Y3	sp|A0KPL4|HLDE_AERHH	23.022	139	86	4	105	238	173	295	1.60e-12	69.9
N8S8Y3	sp|C1EVJ1|IOLC_BACC3	15.758	165	125	5	81	240	153	308	1.71e-12	69.5
N8S8Y3	sp|A0REB4|IOLC_BACAH	15.758	165	125	5	81	240	153	308	1.71e-12	69.5
N8S8Y3	sp|Q6HIK4|IOLC_BACHK	16.364	165	124	5	81	240	153	308	1.74e-12	69.5
N8S8Y3	sp|C6DDL3|HLDE_PECCP	17.172	198	132	6	47	238	124	295	1.82e-12	69.9
N8S8Y3	sp|B8DCT6|IOLC_LISMH	17.978	178	123	4	79	240	134	304	1.88e-12	69.1
N8S8Y3	sp|A8GJU3|HLDE_SERP5	17.172	198	132	6	47	238	124	295	1.93e-12	69.9
N8S8Y3	sp|B8ZQ64|LACC_STRPJ	22.388	134	83	4	105	231	158	277	2.73e-12	68.8
N8S8Y3	sp|C1C7G0|LACC_STRP7	22.388	134	83	4	105	231	158	277	2.73e-12	68.8
N8S8Y3	sp|C1CRA6|LACC_STRZT	22.388	134	83	4	105	231	158	277	2.83e-12	68.8
N8S8Y3	sp|C1CEF2|LACC_STRZJ	22.388	134	83	4	105	231	158	277	2.89e-12	68.8
N8S8Y3	sp|Q8DPP1|LACC_STRR6	22.388	134	83	4	105	231	158	277	2.95e-12	68.8
N8S8Y3	sp|B2IPT7|LACC_STRPS	22.388	134	83	4	105	231	158	277	2.95e-12	68.8
N8S8Y3	sp|B1IBZ5|LACC_STRPI	22.388	134	83	4	105	231	158	277	2.95e-12	68.8
N8S8Y3	sp|Q04KC3|LACC_STRP2	22.388	134	83	4	105	231	158	277	2.95e-12	68.8
N8S8Y3	sp|A4XPU9|HLDE_PSEMY	17.031	229	144	9	11	224	83	280	3.16e-12	69.1
N8S8Y3	sp|C1CKT7|LACC_STRZP	22.388	134	83	4	105	231	158	277	3.54e-12	68.4
N8S8Y3	sp|Q3J7Y0|HLDE_NITOC	24.107	112	75	3	132	238	189	295	3.78e-12	69.1
N8S8Y3	sp|O49923|ADK_PHYPA	13.918	194	117	7	82	250	171	339	3.91e-12	68.4
N8S8Y3	sp|Q92EQ5|IOLC_LISIN	16.477	176	128	3	79	240	134	304	4.05e-12	68.4
N8S8Y3	sp|Q9KAG8|IOLC_BACHD	15.054	186	138	3	70	240	125	305	4.07e-12	68.4
N8S8Y3	sp|Q9SF85|ADK1_ARATH	12.698	189	123	6	82	249	174	341	4.08e-12	68.4
N8S8Y3	sp|Q2SN34|HLDE_HAHCH	18.500	200	132	5	56	250	134	307	5.52e-12	68.4
N8S8Y3	sp|Q6LUZ5|HLDE_PHOPR	19.841	126	88	4	109	229	169	286	5.67e-12	68.4
N8S8Y3	sp|Q3IHX7|HLDE_PSEHT	18.382	136	97	4	110	240	171	297	6.02e-12	68.4
N8S8Y3	sp|B5E4T0|LACC_STRP4	21.642	134	84	4	105	231	158	277	6.62e-12	67.6
N8S8Y3	sp|B5FB67|HLDE_ALIFM	15.929	226	147	10	20	225	80	282	8.64e-12	68.0
N8S8Y3	sp|Q2W993|HLDE_MAGSA	21.287	202	123	7	57	245	136	314	9.35e-12	68.0
N8S8Y3	sp|A6W0Z9|HLDE_MARMS	18.310	142	103	4	114	250	175	308	9.74e-12	67.6
N8S8Y3	sp|Q9H477|RBSK_HUMAN	20.661	121	83	4	131	243	192	307	1.05e-11	67.2
N8S8Y3	sp|Q6GEN6|LACC_STAAR	17.553	188	130	7	51	231	109	278	1.10e-11	66.8
N8S8Y3	sp|P65699|LACC_STAAN	17.553	188	130	7	51	231	109	278	1.10e-11	66.8
N8S8Y3	sp|P65698|LACC_STAAM	17.553	188	130	7	51	231	109	278	1.10e-11	66.8
N8S8Y3	sp|A5IUY2|LACC_STAA9	17.553	188	130	7	51	231	109	278	1.10e-11	66.8
N8S8Y3	sp|A6U3S3|LACC_STAA2	17.553	188	130	7	51	231	109	278	1.10e-11	66.8
N8S8Y3	sp|A7X575|LACC_STAA1	17.553	188	130	7	51	231	109	278	1.10e-11	66.8
N8S8Y3	sp|Q74BF6|HLDE_GEOSL	16.226	265	175	9	2	243	71	311	1.12e-11	67.6
N8S8Y3	sp|Q898F0|IOLC_CLOTE	13.386	127	100	2	118	239	186	307	1.23e-11	66.8
N8S8Y3	sp|Q9LZG0|ADK2_ARATH	11.640	189	125	6	82	249	175	342	1.44e-11	66.8
N8S8Y3	sp|P26420|SCRK_KLEPN	19.048	105	78	2	117	220	166	264	1.48e-11	66.4
N8S8Y3	sp|B7VIX1|HLDE_VIBTL	17.877	179	120	7	52	225	126	282	1.54e-11	67.2
N8S8Y3	sp|Q97QL2|LACC_STRPN	23.585	106	67	3	133	231	179	277	1.63e-11	66.4
N8S8Y3	sp|B1J331|HLDE_PSEPW	18.090	199	132	6	57	250	134	306	1.82e-11	66.8
N8S8Y3	sp|B2V4J8|IOLC_CLOBA	11.798	178	135	3	79	239	135	307	1.83e-11	66.4
N8S8Y3	sp|P23386|K1PF_RHOCA	19.014	142	104	2	110	246	161	296	1.85e-11	66.4
N8S8Y3	sp|Q7MNY3|HLDE_VIBVY	24.242	99	65	3	132	225	189	282	1.96e-11	66.8
N8S8Y3	sp|Q8DEH7|HLDE_VIBVU	24.242	99	65	3	132	225	189	282	2.04e-11	66.8
N8S8Y3	sp|P0A0B8|LACC_STAAW	17.553	188	130	7	51	231	109	278	2.22e-11	66.1
N8S8Y3	sp|A8YYG0|LACC_STAAT	17.553	188	130	7	51	231	109	278	2.22e-11	66.1
N8S8Y3	sp|Q6G7C1|LACC_STAAS	17.553	188	130	7	51	231	109	278	2.22e-11	66.1
N8S8Y3	sp|A6QJ37|LACC_STAAE	17.553	188	130	7	51	231	109	278	2.22e-11	66.1
N8S8Y3	sp|Q5HE12|LACC_STAAC	17.553	188	130	7	51	231	109	278	2.22e-11	66.1
N8S8Y3	sp|P0A0B9|LACC_STAA8	17.553	188	130	7	51	231	109	278	2.22e-11	66.1
N8S8Y3	sp|Q2FET9|LACC_STAA3	17.553	188	130	7	51	231	109	278	2.22e-11	66.1
N8S8Y3	sp|Q2YYJ5|LACC_STAAB	17.553	188	130	7	51	231	109	278	2.30e-11	66.1
N8S8Y3	sp|P0AEX2|K1PF_SHIFL	17.355	121	87	3	114	228	163	276	2.57e-11	66.1
N8S8Y3	sp|P0AEW9|K1PF_ECOLI	17.355	121	87	3	114	228	163	276	2.57e-11	66.1
N8S8Y3	sp|P0AEX0|K1PF_ECOL6	17.355	121	87	3	114	228	163	276	2.57e-11	66.1
N8S8Y3	sp|P0AEX1|K1PF_ECO57	17.355	121	87	3	114	228	163	276	2.57e-11	66.1
N8S8Y3	sp|Q5E2L7|HLDE_ALIF1	15.929	226	147	10	20	225	80	282	2.65e-11	66.4
N8S8Y3	sp|Q7VFZ3|HLDE_HELHP	14.650	157	97	5	102	229	141	289	2.72e-11	66.4
N8S8Y3	sp|A5YBJ5|IOLC_LACCA	15.909	176	129	3	79	240	128	298	2.92e-11	65.7
N8S8Y3	sp|A6VDB5|HLDE_PSEA7	21.854	151	97	4	105	250	172	306	3.77e-11	66.1
N8S8Y3	sp|Q833W9|LACC_ENTFA	18.116	138	87	6	106	233	160	281	3.97e-11	65.3
N8S8Y3	sp|B7V388|HLDE_PSEA8	21.854	151	97	4	105	250	172	306	4.93e-11	65.7
N8S8Y3	sp|C1DGT9|HLDE_AZOVD	22.321	112	77	2	132	238	188	294	5.12e-11	65.7
N8S8Y3	sp|Q9HUG9|HLDE_PSEAE	21.854	151	97	4	105	250	172	306	5.27e-11	65.7
N8S8Y3	sp|Q9ZKZ0|HLDE_HELPJ	16.981	212	138	9	33	229	94	282	5.45e-11	65.7
N8S8Y3	sp|Q02F21|HLDE_PSEAB	21.854	151	97	4	105	250	172	306	6.59e-11	65.3
N8S8Y3	sp|B2TJ78|IOLC_CLOBB	11.236	178	136	3	79	239	135	307	6.83e-11	64.9
N8S8Y3	sp|A8FMK8|HLDE_CAMJ8	19.802	202	124	8	52	240	116	292	7.46e-11	64.9
N8S8Y3	sp|Q65D02|IOLC_BACLD	14.205	176	132	3	79	240	134	304	7.96e-11	64.5
N8S8Y3	sp|Q8R1Q9|RBSK_MOUSE	17.266	139	99	5	115	243	176	308	8.34e-11	64.5
N8S8Y3	sp|Q30T22|HLDE_SULDN	16.500	200	132	7	50	238	122	297	8.66e-11	64.9
N8S8Y3	sp|A7MWN3|HLDE_VIBCB	19.048	126	81	3	105	225	173	282	9.23e-11	64.9
N8S8Y3	sp|P44330|K1PF_HAEIN	16.312	141	104	3	108	241	156	289	1.02e-10	64.1
N8S8Y3	sp|Q87SJ9|HLDE_VIBPA	19.048	126	81	3	105	225	173	282	1.06e-10	64.5
N8S8Y3	sp|Q1R1M6|HLDE_CHRSD	17.647	136	99	3	110	240	170	297	1.12e-10	64.5
N8S8Y3	sp|P26421|LACC_STRMU	21.642	134	84	5	105	231	159	278	1.15e-10	64.1
N8S8Y3	sp|Q8DXC2|LACC_STRA5	21.805	133	83	5	106	231	160	278	1.24e-10	63.8
N8S8Y3	sp|Q8E346|LACC2_STRA3	21.805	133	83	5	106	231	160	278	1.24e-10	63.8
N8S8Y3	sp|A7GZF6|HLDE_CAMC5	22.556	133	79	4	105	231	170	284	1.44e-10	64.1
N8S8Y3	sp|A0RQR9|HLDE_CAMFF	16.384	177	117	4	86	238	119	288	1.57e-10	64.1
N8S8Y3	sp|Q2NWD9|HLDE_SODGM	18.132	182	121	6	66	238	133	295	1.61e-10	64.1
N8S8Y3	sp|P42414|IOLC_BACSU	15.819	177	128	4	79	240	134	304	1.64e-10	63.8
N8S8Y3	sp|Q3JZ20|LACC_STRA1	21.805	133	83	5	106	231	160	278	1.66e-10	63.4
N8S8Y3	sp|A7H2L7|HLDE_CAMJD	19.689	193	117	8	59	238	123	290	1.68e-10	64.1
N8S8Y3	sp|P23391|LACC_LACLL	21.053	133	84	5	106	231	160	278	1.68e-10	63.4
N8S8Y3	sp|Q1H3A0|HLDE_METFK	20.667	150	96	4	105	248	186	318	1.78e-10	64.1
N8S8Y3	sp|Q17WK1|HLDE_HELAH	17.073	246	160	10	5	229	60	282	1.86e-10	63.8
N8S8Y3	sp|Q3A526|HLDE_PELCD	19.192	198	133	7	57	247	138	315	2.21e-10	63.8
N8S8Y3	sp|A6GXW4|NNRD_FLAPJ	16.538	260	184	8	1	250	27	263	2.21e-10	63.0
N8S8Y3	sp|B5Z7L8|HLDE_HELPG	17.453	212	137	10	33	229	94	282	2.91e-10	63.4
N8S8Y3	sp|Q5HTW1|HLDE_CAMJR	18.447	206	130	8	52	244	116	296	3.19e-10	63.4
N8S8Y3	sp|A5F5J2|HLDE_VIBC3	17.197	157	104	6	74	225	147	282	3.40e-10	63.0
N8S8Y3	sp|C3LQY0|HLDE_VIBCM	17.197	157	104	6	74	225	147	282	3.46e-10	63.0
N8S8Y3	sp|P96051|NNRD_STRTR	22.000	250	160	13	2	239	24	250	3.47e-10	62.2
N8S8Y3	sp|P78825|ADK_SCHPO	15.217	184	118	8	82	246	167	331	3.48e-10	62.6
N8S8Y3	sp|Q5F8G9|NNRD_NEIG1	20.661	242	164	8	4	237	40	261	3.50e-10	62.6
N8S8Y3	sp|Q8XNK5|LACC_CLOPE	18.045	133	88	5	106	231	160	278	4.03e-10	62.2
N8S8Y3	sp|Q54MB5|ADK_DICDI	15.541	148	109	4	115	249	191	335	4.25e-10	62.6
N8S8Y3	sp|Q0C190|HLDE_HYPNA	20.635	126	89	2	132	251	198	318	4.62e-10	62.6
N8S8Y3	sp|A1TYR4|HLDE_MARHV	17.647	136	98	4	110	240	172	298	5.28e-10	62.6
N8S8Y3	sp|Q1JEY9|LACC_STRPD	19.672	122	83	4	133	246	179	293	6.14e-10	61.8
N8S8Y3	sp|Q49396|FRUK_MYCGE	20.000	130	90	4	116	240	163	283	6.53e-10	61.8
N8S8Y3	sp|Q5X9Y3|LACC_STRP6	20.492	122	82	4	133	246	179	293	6.56e-10	61.8
N8S8Y3	sp|Q48RC4|LACC_STRPM	19.672	122	83	4	133	246	179	293	6.75e-10	61.8
N8S8Y3	sp|Q1J4Q3|LACC_STRPF	19.672	122	83	4	133	246	179	293	6.94e-10	61.8
N8S8Y3	sp|A2RGF2|LACC_STRPG	19.672	122	83	4	133	246	179	293	7.21e-10	61.8
N8S8Y3	sp|Q8NZD9|LACC_STRP8	19.672	122	83	4	133	246	179	293	7.49e-10	61.4
N8S8Y3	sp|Q1JJZ7|LACC_STRPC	19.672	122	83	4	133	246	179	293	7.86e-10	61.4
N8S8Y3	sp|Q1J9U8|LACC_STRPB	19.672	122	83	4	133	246	179	293	7.86e-10	61.4
N8S8Y3	sp|Q6TG09|HLDE_CAMJE	19.903	206	127	8	52	244	116	296	8.85e-10	61.8
N8S8Y3	sp|Q5FS52|HLDE_GLUOX	18.788	165	106	5	65	224	143	284	8.87e-10	61.8
N8S8Y3	sp|B5XII4|LACC_STRPZ	20.492	122	82	4	133	246	179	293	9.23e-10	61.4
N8S8Y3	sp|Q99Y14|LACC_STRP1	20.492	122	82	4	133	246	179	293	9.40e-10	61.4
N8S8Y3	sp|Q7WGU8|HEPPK_BORBR	22.148	149	94	4	105	248	174	305	1.01e-09	61.4
N8S8Y3	sp|P06999|PFKB_ECOLI	21.374	131	89	4	114	237	163	286	1.02e-09	61.1
N8S8Y3	sp|Q1QNS3|HLDE_NITHX	16.438	219	158	9	25	228	88	296	1.08e-09	61.8
N8S8Y3	sp|Q6LK43|IOLC_PHOPR	17.600	125	93	2	120	239	187	306	1.13e-09	61.1
N8S8Y3	sp|B2USX2|HLDE_HELPS	17.062	211	139	8	33	229	94	282	1.15e-09	61.4
N8S8Y3	sp|O34768|YDJE_BACSU	21.875	96	69	1	126	221	185	274	1.21e-09	61.1
N8S8Y3	sp|Q1CT14|HLDE_HELPH	17.536	211	138	8	33	229	94	282	1.23e-09	61.4
N8S8Y3	sp|A3CPH5|LACC_STRSV	20.301	133	85	5	106	231	159	277	1.58e-09	60.7
N8S8Y3	sp|A7ZE26|HLDE_CAMC1	18.667	150	91	4	106	231	142	284	1.70e-09	61.1
N8S8Y3	sp|P0DC13|LACC_STRPQ	19.672	122	83	4	133	246	179	293	1.74e-09	60.7
N8S8Y3	sp|P0DC12|LACC_STRP3	19.672	122	83	4	133	246	179	293	1.74e-09	60.7
N8S8Y3	sp|Q83JB1|FRLD_SHIFL	15.447	123	85	4	122	240	150	257	1.93e-09	59.9
N8S8Y3	sp|O51575|K1PF_BORBU	17.829	129	92	4	115	236	158	279	2.16e-09	60.3
N8S8Y3	sp|Q8X839|FRLD_ECO57	15.139	251	170	10	1	240	39	257	2.68e-09	59.5
N8S8Y3	sp|P45543|FRLD_ECOLI	16.129	93	70	2	149	240	172	257	2.86e-09	59.5
N8S8Y3	sp|Q55480|YZ37_SYNY3	21.186	118	84	3	122	238	202	311	3.69e-09	59.5
N8S8Y3	sp|A5FVE7|HLDE_ACICJ	22.642	106	70	2	132	231	202	301	4.12e-09	59.9
N8S8Y3	sp|A1W0D6|HLDE_CAMJJ	18.593	199	124	8	59	244	123	296	4.16e-09	59.9
N8S8Y3	sp|Q3STQ8|HLDE_NITWN	20.000	120	82	4	111	224	181	292	5.06e-09	59.5
N8S8Y3	sp|P22824|SCRK_VIBAL	15.951	163	122	5	84	242	137	288	6.70e-09	58.7
N8S8Y3	sp|Q8E4R7|LACC1_STRA3	15.271	203	136	8	43	231	97	277	7.22e-09	58.7
N8S8Y3	sp|O25529|HLDE_HELPY	18.219	247	156	13	5	229	60	282	7.25e-09	59.1
N8S8Y3	sp|P9WID3|PFKB_MYCTU	20.714	140	89	3	105	238	173	296	7.32e-09	58.7
N8S8Y3	sp|P9WID2|PFKB_MYCTO	20.714	140	89	3	105	238	173	296	7.32e-09	58.7
N8S8Y3	sp|Q833Y3|NNRD_ENTFA	17.530	251	178	10	4	245	27	257	7.73e-09	58.4
N8S8Y3	sp|Q9K6K1|RBSK_BACHD	18.493	146	90	4	84	229	145	261	7.94e-09	58.4
N8S8Y3	sp|P33020|YEII_ECOLI	17.829	258	177	9	4	247	111	347	1.09e-08	58.4
N8S8Y3	sp|Q2RY67|HLDE_RHORT	19.588	194	126	6	59	246	146	315	1.36e-08	58.4
N8S8Y3	sp|D4GSE6|KDGK1_HALVD	15.833	120	93	3	115	232	174	287	1.38e-08	58.0
N8S8Y3	sp|B6JM82|HLDE_HELP2	17.453	212	137	9	33	229	94	282	1.42e-08	58.4
N8S8Y3	sp|P32143|SQUV_ECOLI	19.828	116	87	2	115	230	158	267	1.93e-08	57.2
N8S8Y3	sp|P37647|KDGK_ECOLI	13.846	130	110	1	117	246	176	303	2.49e-08	57.2
N8S8Y3	sp|A9CES5|TAGK_AGRFC	18.902	164	122	3	85	248	159	311	2.57e-08	57.2
N8S8Y3	sp|A8EVR4|HLDE_ARCB4	20.909	110	74	3	135	238	192	294	3.35e-08	57.2
N8S8Y3	sp|E0J5J4|KDGK_ECOLW	13.846	130	110	1	117	246	176	303	6.35e-08	56.0
N8S8Y3	sp|A1WZB3|HLDE_HALHL	20.863	139	89	3	105	238	173	295	8.28e-08	56.0
N8S8Y3	sp|Q9KMX5|NNR_VIBCH	18.333	240	157	10	4	232	251	462	1.03e-07	55.7
N8S8Y3	sp|Q704D0|KDGK_THETE	18.627	102	77	1	132	233	203	298	1.11e-07	55.3
N8S8Y3	sp|Q96XN9|KDGK_SULTO	17.822	101	75	3	143	242	199	292	1.84e-07	54.5
N8S8Y3	sp|D4GYE6|K1PF_HALVD	21.429	182	122	4	80	246	110	285	2.01e-07	54.5
N8S8Y3	sp|P45416|KDGK_DICD3	13.433	134	106	2	117	246	177	304	2.12e-07	54.5
N8S8Y3	sp|Q98I54|HLDE_RHILO	23.200	125	73	5	105	223	189	296	2.38e-07	54.5
N8S8Y3	sp|A1S3I3|HLDE_SHEAM	23.134	134	92	3	109	238	169	295	3.14e-07	54.1
N8S8Y3	sp|A0L7X0|HLDE_MAGMM	21.429	140	88	4	105	238	182	305	3.45e-07	54.1
N8S8Y3	sp|Q9CIU7|NNRD_LACLA	16.461	243	178	7	2	239	25	247	3.91e-07	53.4
N8S8Y3	sp|P44482|KDGK_HAEIN	16.058	137	94	3	119	246	178	302	4.20e-07	53.4
N8S8Y3	sp|Q93Z01|MIK_ARATH	11.728	162	119	6	83	244	150	287	4.95e-07	53.4
N8S8Y3	sp|O67377|NNR_AQUAE	16.935	248	164	11	5	232	237	462	5.72e-07	53.4
N8S8Y3	sp|Q8DQD2|NNRD_STRR6	17.063	252	173	10	2	240	25	253	6.10e-07	53.0
N8S8Y3	sp|Q9USY1|YOW5_SCHPO	14.045	178	97	5	118	239	556	733	6.36e-07	53.4
N8S8Y3	sp|Q97U29|KDGK_SACS2	18.750	96	72	1	143	238	200	289	6.36e-07	53.0
N8S8Y3	sp|Q0BUU1|HLDE_GRABC	16.981	212	143	6	57	243	104	307	6.72e-07	53.4
N8S8Y3	sp|A2WXV8|SCRK1_ORYSI	16.129	124	90	4	117	232	178	295	7.68e-07	52.6
N8S8Y3	sp|Q9LNE3|SCRK2_ARATH	14.184	141	111	4	117	253	182	316	8.26e-07	52.6
N8S8Y3	sp|A7GAL1|THIM1_CLOBL	16.438	146	94	4	84	215	71	202	8.57e-07	52.2
N8S8Y3	sp|C3L062|THIM1_CLOB6	16.438	146	94	4	84	215	71	202	8.74e-07	52.2
N8S8Y3	sp|B1KV13|THIM2_CLOBM	16.438	146	94	4	84	215	71	202	9.87e-07	52.2
N8S8Y3	sp|Q1I2L8|PDXY_PSEE4	21.318	258	187	6	2	243	4	261	8.43e-74	229
N8S8Y3	sp|Q88C26|PDXY_PSEPK	20.543	258	189	6	2	243	4	261	1.19e-73	229
N8S8Y3	sp|B0KR83|PDXY_PSEPG	19.380	258	192	6	2	243	4	261	1.57e-73	229
N8S8Y3	sp|A5WB73|PDXY_PSEP1	20.543	258	189	6	2	243	4	261	2.45e-73	228
N8S8Y3	sp|B1JFM7|PDXY_PSEPW	19.380	258	192	6	2	243	4	261	5.83e-73	227
N8S8Y3	sp|A6VEZ4|PDXY_PSEA7	18.077	260	197	6	2	245	4	263	9.55e-73	226
N8S8Y3	sp|Q02DJ3|PDXY_PSEAB	19.767	258	191	6	2	243	4	261	6.68e-72	224
N8S8Y3	sp|Q9HT57|PDXY_PSEAE	19.380	258	192	6	2	243	4	261	4.23e-71	222
N8S8Y3	sp|P99124|THID_STAAN	28.185	259	177	4	1	252	2	258	4.57e-71	222
N8S8Y3	sp|P66915|THID_STAAM	28.185	259	177	4	1	252	2	258	4.57e-71	222
N8S8Y3	sp|B7V753|PDXY_PSEA8	18.992	258	193	6	2	243	4	261	4.65e-71	222
N8S8Y3	sp|Q48BL6|PDXY_PSE14	20.155	258	190	6	2	243	4	261	5.43e-71	222
N8S8Y3	sp|Q8NVH3|THID_STAAW	28.571	259	176	4	1	252	2	258	9.06e-71	221
N8S8Y3	sp|Q6G7L7|THID_STAAS	28.571	259	176	4	1	252	2	258	9.06e-71	221
N8S8Y3	sp|Q7N3W7|PDXY_PHOLL	19.305	259	192	6	4	245	3	261	1.48e-70	221
N8S8Y3	sp|Q5M731|TPS1L_ARATH	33.721	258	162	4	3	252	31	287	1.62e-70	228
N8S8Y3	sp|Q87TZ6|PDXY_PSESM	19.380	258	192	6	2	243	4	261	1.83e-70	221
N8S8Y3	sp|Q66A50|PDXY_YERPS	19.691	259	191	6	4	245	3	261	1.92e-70	221
N8S8Y3	sp|Q51892|PDXY_PROMI	18.846	260	192	6	4	244	3	262	2.02e-70	221
N8S8Y3	sp|Q6GEY2|THID_STAAR	28.571	259	176	4	1	252	2	258	2.26e-70	220
N8S8Y3	sp|B3H2H2|PDXY_ACTP7	18.504	254	191	6	4	241	3	256	2.42e-70	220
N8S8Y3	sp|Q1CIM6|PDXY_YERPN	19.691	259	191	6	4	245	3	261	3.00e-70	220
N8S8Y3	sp|Q7CIR8|PDXY_YERPE	19.691	259	191	6	4	245	3	261	3.00e-70	220
N8S8Y3	sp|Q1C792|PDXY_YERPA	19.691	259	191	6	4	245	3	261	3.00e-70	220
N8S8Y3	sp|A3N2D3|PDXY_ACTP2	18.504	254	191	6	4	241	3	256	4.89e-70	219
N8S8Y3	sp|Q87FP6|PDXY_VIBPA	20.307	261	190	7	1	245	1	259	7.03e-70	219
N8S8Y3	sp|C3K4G7|PDXY_PSEFS	21.318	258	187	6	2	243	4	261	9.72e-70	219
N8S8Y3	sp|B0UUD2|PDXY_HISS2	18.898	254	190	6	4	241	3	256	3.00e-69	217
N8S8Y3	sp|Q0I3D2|PDXY_HAES1	18.898	254	190	6	4	241	3	256	3.00e-69	217
N8S8Y3	sp|Q7MGA4|PDXY_VIBVY	21.073	261	188	7	1	245	1	259	3.39e-69	217
N8S8Y3	sp|Q8D4Q2|PDXY_VIBVU	20.690	261	189	7	1	245	1	259	5.29e-69	217
N8S8Y3	sp|Q9CNY1|PDXY_PASMU	19.531	256	190	6	4	243	3	258	8.88e-69	216
N8S8Y3	sp|Q4K3F6|PDXY_PSEF5	20.155	258	190	6	2	243	4	261	1.14e-68	216
N8S8Y3	sp|Q83KY1|PDXY_SHIFL	18.774	261	195	6	1	244	1	261	1.98e-68	216
N8S8Y3	sp|Q8ZPM8|PDXY_SALTY	19.380	258	191	6	4	244	3	260	2.21e-68	215
N8S8Y3	sp|Q57PI7|PDXY_SALCH	19.380	258	191	6	4	244	3	260	2.21e-68	215
N8S8Y3	sp|A7N5Q6|PDXY_VIBCB	19.923	261	191	7	1	245	1	259	2.85e-68	215
N8S8Y3	sp|Q1RBF9|PDXY_ECOUT	19.157	261	194	6	1	244	1	261	3.71e-68	215
N8S8Y3	sp|Q0THJ1|PDXY_ECOL5	19.157	261	194	6	1	244	1	261	3.71e-68	215
N8S8Y3	sp|Q3K4B8|PDXY_PSEPF	20.543	258	189	6	2	243	4	261	3.81e-68	215
N8S8Y3	sp|Q8FH89|PDXY_ECOL6	19.157	261	194	6	1	244	1	261	4.01e-68	215
N8S8Y3	sp|Q8X649|PDXY_ECO57	19.157	261	194	6	1	244	1	261	4.01e-68	215
N8S8Y3	sp|O48881|TPS1_BRANA	31.641	256	168	2	4	252	34	289	4.65e-68	221
N8S8Y3	sp|Q5PIK8|PDXY_SALPA	18.992	258	192	6	4	244	3	260	4.67e-68	214
N8S8Y3	sp|Q6LP62|PDXY_PHOPR	21.875	256	183	5	5	244	4	258	4.93e-68	214
N8S8Y3	sp|Q65UE8|PDXY_MANSM	19.455	257	191	6	4	244	3	259	5.50e-68	214
N8S8Y3	sp|Q320Z3|PDXY_SHIBS	19.157	261	194	6	1	244	1	261	8.11e-68	214
N8S8Y3	sp|P77150|PDXY_ECOLI	19.157	261	194	6	1	244	1	261	8.11e-68	214
N8S8Y3	sp|A5UA83|PDXY_HAEIE	20.000	260	190	7	4	245	3	262	1.21e-67	214
N8S8Y3	sp|P76422|THID_ECOLI	31.518	257	169	2	2	252	3	258	1.28e-67	212
N8S8Y3	sp|P55882|THID_SALTY	32.296	257	167	2	2	252	3	258	1.57e-67	212
N8S8Y3	sp|A6VNE5|PDXY_ACTSZ	19.455	257	191	6	4	244	3	259	2.09e-67	213
N8S8Y3	sp|Q32FD7|PDXY_SHIDS	19.157	261	194	6	1	244	1	261	3.63e-67	212
N8S8Y3	sp|P44690|PDXY_HAEIN	20.000	260	190	7	4	245	3	262	4.69e-67	212
N8S8Y3	sp|Q3Z1Z2|PDXY_SHISS	18.774	261	195	6	1	244	1	261	7.50e-67	211
N8S8Y3	sp|Q4ZL75|PDXY_PSEU2	20.155	258	190	6	2	243	4	261	8.43e-67	211
N8S8Y3	sp|O94266|THI22_SCHPO	32.184	261	155	3	3	241	36	296	1.02e-66	219
N8S8Y3	sp|Q5E345|PDXY_ALIF1	18.288	257	191	6	4	241	3	259	1.70e-66	210
N8S8Y3	sp|O31620|THID_BACSU	32.812	256	163	4	4	253	5	257	9.34e-66	208
N8S8Y3	sp|B2JCI0|PDXY_PARP8	21.654	254	182	7	4	241	3	255	2.28e-65	207
N8S8Y3	sp|Q141E8|PDXY_PARXL	21.790	257	184	7	1	241	1	256	1.81e-64	205
N8S8Y3	sp|Q6D5V1|PDXY_PECAS	17.899	257	195	6	4	244	3	259	7.27e-64	204
N8S8Y3	sp|O67772|THID_AQUAE	28.854	253	172	3	5	251	3	253	1.16e-63	202
N8S8Y3	sp|Q8FTH8|THIED_COREF	33.074	257	165	2	2	252	222	477	1.58e-63	214
N8S8Y3	sp|P39610|PDXK_BACSU	25.483	259	183	3	4	254	5	261	2.26e-63	202
N8S8Y3	sp|P44697|THID_HAEIN	31.783	258	166	3	4	253	6	261	2.98e-63	202
N8S8Y3	sp|Q8NQH1|THIED_CORGL	30.469	256	171	2	3	252	242	496	4.20e-62	210
N8S8Y3	sp|Q39I40|PDXY_BURL3	21.401	257	185	7	4	244	3	258	2.31e-61	197
N8S8Y3	sp|Q2QWK9|TPS1_ORYSJ	34.241	257	162	2	3	252	57	313	6.03e-61	204
N8S8Y3	sp|P61422|THIED_GEOSL	33.852	257	160	4	2	252	225	477	9.28e-61	202
N8S8Y3	sp|Q1BXQ7|PDXY_BURCA	21.401	257	185	7	4	244	3	258	2.62e-60	195
N8S8Y3	sp|Q63SC2|PDXY_BURPS	21.790	257	184	7	4	244	3	258	4.63e-60	194
N8S8Y3	sp|Q2SXQ4|PDXY_BURTA	21.401	257	185	7	4	244	3	258	5.87e-60	194
N8S8Y3	sp|Q3JQA6|PDXY_BURP1	21.790	257	184	7	4	244	3	258	7.69e-60	194
N8S8Y3	sp|Q62LP6|PDXY_BURMA	21.401	257	185	7	4	244	3	258	2.76e-59	192
N8S8Y3	sp|Q0BSF0|PDXY_GRABC	19.231	260	192	6	4	245	2	261	6.23e-59	191
N8S8Y3	sp|Q8Z6Q3|PDXY_SALTI	19.431	211	156	5	4	200	3	213	1.15e-58	189
N8S8Y3	sp|Q6NG19|PDXY_CORDI	20.000	255	190	5	4	244	2	256	1.50e-58	190
N8S8Y3	sp|Q1J237|PDXY_DEIGD	21.318	258	183	7	4	241	12	269	8.64e-58	189
N8S8Y3	sp|Q0II59|PDXK_BOVIN	15.472	265	197	7	4	241	6	270	1.17e-57	189
N8S8Y3	sp|Q8K183|PDXK_MOUSE	14.855	276	207	8	4	251	6	281	2.20e-57	188
N8S8Y3	sp|O25515|THID_HELPY	31.274	259	169	3	1	252	4	260	2.96e-57	186
N8S8Y3	sp|O00764|PDXK_HUMAN	15.580	276	205	8	4	251	6	281	3.39e-57	187
N8S8Y3	sp|Q5HI96|PDXK_STAAC	27.755	245	165	6	4	239	5	246	5.10e-57	186
N8S8Y3	sp|O46560|PDXK_PIG	15.217	276	206	8	4	251	16	291	5.30e-57	187
N8S8Y3	sp|P82197|PDXK_SHEEP	15.472	265	197	7	4	241	6	270	8.95e-57	186
N8S8Y3	sp|Q06490|THI22_YEAST	30.040	253	160	6	3	239	46	297	2.27e-56	192
N8S8Y3	sp|O35331|PDXK_RAT	15.217	276	206	8	4	251	6	281	2.63e-56	185
N8S8Y3	sp|Q9ZL00|THID_HELPJ	32.046	259	167	3	1	252	3	259	3.95e-56	183
N8S8Y3	sp|Q9USL6|YJK5_SCHPO	22.814	263	179	2	3	241	14	276	8.78e-56	184
N8S8Y3	sp|O94265|THI21_SCHPO	22.993	274	187	3	1	250	1	274	1.56e-55	188
N8S8Y3	sp|Q6AFC1|PDXY_LEIXX	20.635	252	186	5	4	241	2	253	5.58e-55	181
N8S8Y3	sp|P56904|THID_RHIME	34.109	258	162	3	1	252	1	256	6.63e-55	180
N8S8Y3	sp|Q8CTQ7|PDXK_STAES	25.820	244	171	5	4	239	5	246	2.72e-54	179
N8S8Y3	sp|Q9ZBL1|THID_MYCLE	34.483	261	159	5	4	254	15	273	7.57e-54	178
N8S8Y3	sp|Q1AYE5|PDXY_RUBXD	19.763	253	188	5	4	241	8	260	7.78e-54	178
N8S8Y3	sp|Q5HRG7|PDXK_STAEQ	25.820	244	171	5	4	239	5	246	9.01e-54	177
N8S8Y3	sp|Q9RYX0|PDXY_DEIRA	19.767	258	187	6	4	241	11	268	1.27e-53	178
N8S8Y3	sp|Q08975|THI21_YEAST	32.806	253	153	6	3	239	24	275	4.54e-53	183
N8S8Y3	sp|O01824|PDXK_CAEEL	17.228	267	195	7	4	245	17	282	5.53e-53	177
N8S8Y3	sp|P9WG77|THID_MYCTU	32.558	258	166	3	3	254	4	259	3.74e-52	173
N8S8Y3	sp|P9WG76|THID_MYCTO	32.558	258	166	3	3	254	4	259	3.74e-52	173
N8S8Y3	sp|P66914|THID_MYCBO	32.558	258	166	3	3	254	4	259	3.74e-52	173
N8S8Y3	sp|Q08224|THI20_YEAST	32.016	253	155	6	3	239	24	275	1.37e-51	179
N8S8Y3	sp|Q8W1X2|PDXK_ARATH	17.778	270	203	8	2	254	15	282	4.85e-50	169
N8S8Y3	sp|O85786|THID_SYNE7	31.373	255	167	3	3	252	4	255	1.50e-49	166
N8S8Y3	sp|O83153|PDXK_TREPA	25.203	246	175	3	4	240	3	248	2.62e-49	166
N8S8Y3	sp|P40191|PDXK_ECOLI	21.509	265	195	4	1	252	14	278	1.57e-48	164
N8S8Y3	sp|B1IX53|PDXK_ECOLC	21.509	265	195	4	1	252	14	278	1.57e-48	164
N8S8Y3	sp|A8A2R4|PDXK_ECOHS	21.509	265	195	4	1	252	14	278	1.57e-48	164
N8S8Y3	sp|B1XA89|PDXK_ECODH	21.509	265	195	4	1	252	14	278	1.57e-48	164
N8S8Y3	sp|C4ZVU9|PDXK_ECOBW	21.509	265	195	4	1	252	14	278	1.57e-48	164
N8S8Y3	sp|B7N609|PDXK_ECOLU	21.132	265	196	4	1	252	14	278	2.12e-48	164
N8S8Y3	sp|B7LL66|PDXK_ESCF3	21.484	256	188	4	1	243	14	269	3.45e-48	164
N8S8Y3	sp|B5YZW5|PDXK_ECO5E	21.132	265	196	4	1	252	14	278	4.56e-48	163
N8S8Y3	sp|Q8XBL0|PDXK_ECO57	21.132	265	196	4	1	252	14	278	4.56e-48	163
N8S8Y3	sp|Q3YZC3|PDXK_SHISS	21.132	265	196	4	1	252	14	278	5.59e-48	163
N8S8Y3	sp|Q1R8V2|PDXK_ECOUT	21.132	265	196	4	1	252	14	278	5.59e-48	163
N8S8Y3	sp|B6I4Z5|PDXK_ECOSE	21.132	265	196	4	1	252	14	278	5.59e-48	163
N8S8Y3	sp|Q8FFB5|PDXK_ECOL6	21.132	265	196	4	1	252	14	278	5.59e-48	163
N8S8Y3	sp|Q0TF48|PDXK_ECOL5	21.132	265	196	4	1	252	14	278	5.59e-48	163
N8S8Y3	sp|A1ADT5|PDXK_ECOK1	21.132	265	196	4	1	252	14	278	5.59e-48	163
N8S8Y3	sp|B7M6S8|PDXK_ECO8A	21.132	265	196	4	1	252	14	278	5.59e-48	163
N8S8Y3	sp|B7MY71|PDXK_ECO81	21.132	265	196	4	1	252	14	278	5.59e-48	163
N8S8Y3	sp|B7MHS2|PDXK_ECO45	21.132	265	196	4	1	252	14	278	5.59e-48	163
N8S8Y3	sp|B7UGB9|PDXK_ECO27	21.132	265	196	4	1	252	14	278	5.59e-48	163
N8S8Y3	sp|A7ZPL9|PDXK_ECO24	21.132	265	196	4	1	252	14	278	5.59e-48	163
N8S8Y3	sp|B7NPV5|PDXK_ECO7I	21.132	265	196	4	1	252	14	278	7.80e-48	162
N8S8Y3	sp|Q83K78|PDXK_SHIFL	21.132	265	196	4	1	252	14	278	1.01e-47	162
N8S8Y3	sp|B2TX08|PDXK_SHIB3	21.132	265	196	4	1	252	14	278	1.16e-47	162
N8S8Y3	sp|Q32DD5|PDXK_SHIDS	21.132	265	196	4	1	252	14	278	1.59e-47	162
N8S8Y3	sp|B1LML3|PDXK_ECOSM	20.755	265	197	4	1	252	14	278	2.46e-47	161
N8S8Y3	sp|B7LCG3|PDXK_ECO55	20.755	265	197	4	1	252	14	278	4.36e-47	160
N8S8Y3	sp|Q9ZBR6|THID_STRCO	32.218	239	152	4	19	252	27	260	5.00e-47	160
N8S8Y3	sp|Q55EK9|PDXK_DICDI	18.345	278	193	8	1	250	1	272	3.62e-46	158
N8S8Y3	sp|Q1LFU5|PDXK_CUPMC	21.901	242	175	5	14	241	27	268	1.68e-45	157
N8S8Y3	sp|Q57688|THIDN_METJA	24.900	249	172	5	5	253	3	236	1.58e-44	157
N8S8Y3	sp|P53727|BUD17_YEAST	17.391	276	200	10	4	253	10	283	2.27e-44	154
N8S8Y3	sp|O14242|YELB_SCHPO	18.382	272	187	9	4	245	6	272	1.14e-43	152
N8S8Y3	sp|P39988|BUD16_YEAST	17.986	278	197	10	2	251	1	275	1.63e-43	152
N8S8Y3	sp|O74860|YQ9A_SCHPO	18.644	236	173	9	4	222	13	246	1.87e-42	150
N8S8Y3	sp|P40192|PDXK_SALTY	18.254	252	192	5	5	243	23	273	2.08e-42	148
N8S8Y3	sp|Q57LS3|PDXK_SALCH	18.254	252	192	5	5	243	23	273	2.08e-42	148
N8S8Y3	sp|Q5PNC8|PDXK_SALPA	18.254	252	192	5	5	243	23	273	1.34e-41	147
N8S8Y3	sp|Q2L1P5|PDXK_BORA1	22.745	255	183	5	14	254	27	281	5.87e-41	145
N8S8Y3	sp|Q8Z4W1|PDXK_SALTI	18.254	252	192	5	5	243	23	273	7.39e-41	145
N8S8Y3	sp|Q7W6K7|PDXK_BORPA	19.844	257	192	5	5	247	18	274	1.03e-38	139
N8S8Y3	sp|Q7WII1|PDXK_BORBR	19.844	257	192	5	5	247	18	274	1.03e-38	139
N8S8Y3	sp|Q7VYK4|PDXK_BORPE	18.677	257	195	5	5	247	18	274	6.09e-38	137
N8S8Y3	sp|Q9WZP7|THIDN_THEMA	26.141	241	146	7	5	245	2	210	2.22e-32	125
N8S8Y3	sp|Q9CME6|HLDE_PASMU	18.077	260	174	9	4	247	68	304	1.47e-30	121
N8S8Y3	sp|Q7VM30|HLDE_HAEDU	17.949	195	129	5	59	248	137	305	2.31e-30	120
N8S8Y3	sp|B3E5M9|HLDE_GEOLS	19.485	272	172	11	2	250	71	318	2.37e-30	121
N8S8Y3	sp|B7LQC9|HLDE_ESCF3	18.750	208	137	6	47	248	124	305	5.34e-30	120
N8S8Y3	sp|Q7UBI8|HLDE_SHIFL	18.269	208	138	6	47	248	124	305	9.20e-30	119
N8S8Y3	sp|A4WEI4|HLDE_ENT38	18.269	208	138	6	47	248	124	305	1.23e-29	118
N8S8Y3	sp|A8APT1|HLDE_CITK8	18.269	208	138	6	47	248	124	305	1.46e-29	118
N8S8Y3	sp|Q0I1X5|HLDE_HAES1	16.730	263	174	9	4	247	67	303	1.60e-29	118
N8S8Y3	sp|B7ND40|HLDE_ECOLU	18.269	208	138	6	47	248	124	305	1.72e-29	118
N8S8Y3	sp|Q32BR2|HLDE_SHIDS	18.269	208	138	6	47	248	124	305	2.08e-29	118
N8S8Y3	sp|Q3YXJ0|HLDE_SHISS	18.269	208	138	6	47	248	124	305	2.21e-29	118
N8S8Y3	sp|Q0T0L1|HLDE_SHIF8	18.269	208	138	6	47	248	124	305	2.30e-29	118
N8S8Y3	sp|B5YR91|HLDE_ECO5E	18.269	208	138	6	47	248	124	305	2.39e-29	118
N8S8Y3	sp|Q7AAQ7|HLDE_ECO57	18.269	208	138	6	47	248	124	305	2.39e-29	118
N8S8Y3	sp|B1LF43|HLDE_ECOSM	18.269	208	138	6	47	248	124	305	2.54e-29	118
N8S8Y3	sp|B6I423|HLDE_ECOSE	18.269	208	138	6	47	248	124	305	2.54e-29	118
N8S8Y3	sp|P76658|HLDE_ECOLI	18.269	208	138	6	47	248	124	305	2.54e-29	118
N8S8Y3	sp|B1IRR4|HLDE_ECOLC	18.269	208	138	6	47	248	124	305	2.54e-29	118
N8S8Y3	sp|Q0TD55|HLDE_ECOL5	18.269	208	138	6	47	248	124	305	2.54e-29	118
N8S8Y3	sp|B1XG57|HLDE_ECODH	18.269	208	138	6	47	248	124	305	2.54e-29	118
N8S8Y3	sp|C4ZQW9|HLDE_ECOBW	18.269	208	138	6	47	248	124	305	2.54e-29	118
N8S8Y3	sp|B7LZK1|HLDE_ECO8A	18.269	208	138	6	47	248	124	305	2.54e-29	118
N8S8Y3	sp|B7NJR5|HLDE_ECO7I	18.269	208	138	6	47	248	124	305	2.54e-29	118
N8S8Y3	sp|B7LGY7|HLDE_ECO55	18.269	208	138	6	47	248	124	305	2.54e-29	118
N8S8Y3	sp|B7UIW0|HLDE_ECO27	18.269	208	138	6	47	248	124	305	2.54e-29	118
N8S8Y3	sp|A7ZRT3|HLDE_ECO24	18.269	208	138	6	47	248	124	305	2.54e-29	118
N8S8Y3	sp|Q31WY3|HLDE_SHIBS	18.269	208	138	6	47	248	124	305	2.57e-29	118
N8S8Y3	sp|B2U1F7|HLDE_SHIB3	18.269	208	138	6	47	248	124	305	2.57e-29	118
N8S8Y3	sp|Q1R6S9|HLDE_ECOUT	18.269	208	138	6	47	248	124	305	2.90e-29	117
N8S8Y3	sp|Q8FDH5|HLDE_ECOL6	18.269	208	138	6	47	248	124	305	2.90e-29	117
N8S8Y3	sp|A1AFX4|HLDE_ECOK1	18.269	208	138	6	47	248	124	305	2.90e-29	117
N8S8Y3	sp|B7N0K1|HLDE_ECO81	18.269	208	138	6	47	248	124	305	2.90e-29	117
N8S8Y3	sp|B7MAC8|HLDE_ECO45	18.269	208	138	6	47	248	124	305	2.90e-29	117
N8S8Y3	sp|B5XU40|HLDE_KLEP3	17.619	210	141	6	47	250	124	307	4.04e-29	117
N8S8Y3	sp|A7MP93|HLDE_CROS8	18.571	210	139	6	47	250	124	307	5.92e-29	117
N8S8Y3	sp|A3MZC0|HLDE_ACTP2	16.923	195	131	5	59	248	137	305	6.42e-29	117
N8S8Y3	sp|Q8GLU7|HLDE_ACTPL	16.923	195	131	5	59	248	137	305	8.94e-29	116
N8S8Y3	sp|A8A4K6|HLDE_ECOHS	17.788	208	139	6	47	248	124	305	1.24e-28	116
N8S8Y3	sp|B5FHT5|HLDE_SALDC	17.788	208	139	6	47	248	124	305	1.52e-28	115
N8S8Y3	sp|A6TE31|HLDE_KLEP7	17.619	210	141	6	47	250	124	307	1.75e-28	115
N8S8Y3	sp|Q65T41|HLDE_MANSM	18.557	194	127	5	59	247	137	304	1.89e-28	115
N8S8Y3	sp|B5BG11|HLDE_SALPK	17.788	208	139	6	47	248	124	305	2.01e-28	115
N8S8Y3	sp|Q5PC86|HLDE_SALPA	17.788	208	139	6	47	248	124	305	2.01e-28	115
N8S8Y3	sp|Q7CPR9|HLDE_SALTY	17.788	208	139	6	47	248	124	305	2.24e-28	115
N8S8Y3	sp|Q8XEW9|HLDE_SALTI	17.788	208	139	6	47	248	124	305	2.24e-28	115
N8S8Y3	sp|B4TVT4|HLDE_SALSV	17.788	208	139	6	47	248	124	305	2.24e-28	115
N8S8Y3	sp|C0PYX3|HLDE_SALPC	17.788	208	139	6	47	248	124	305	2.24e-28	115
N8S8Y3	sp|A9N5X8|HLDE_SALPB	17.788	208	139	6	47	248	124	305	2.24e-28	115
N8S8Y3	sp|B4T670|HLDE_SALNS	17.788	208	139	6	47	248	124	305	2.24e-28	115
N8S8Y3	sp|B4TI51|HLDE_SALHS	17.788	208	139	6	47	248	124	305	2.24e-28	115
N8S8Y3	sp|Q57JQ9|HLDE_SALCH	17.788	208	139	6	47	248	124	305	2.24e-28	115
N8S8Y3	sp|B5F696|HLDE_SALA4	17.788	208	139	6	47	248	124	305	2.24e-28	115
N8S8Y3	sp|B5REF8|HLDE_SALG2	17.788	208	139	6	47	248	124	305	2.29e-28	115
N8S8Y3	sp|B5QZ36|HLDE_SALEP	17.788	208	139	6	47	248	124	305	2.29e-28	115
N8S8Y3	sp|A6VP06|HLDE_ACTSZ	16.730	263	174	9	4	247	68	304	3.09e-28	115
N8S8Y3	sp|O05074|HLDE_HAEIN	18.041	194	128	5	59	247	137	304	5.47e-28	114
N8S8Y3	sp|A5UCC3|HLDE_HAEIE	17.526	194	129	5	59	247	137	304	5.81e-28	114
N8S8Y3	sp|Q4QKN8|HLDE_HAEI8	17.526	194	129	5	59	247	137	304	5.81e-28	114
N8S8Y3	sp|A1SZY2|HLDE_PSYIN	19.512	205	137	5	49	247	123	305	6.23e-28	114
N8S8Y3	sp|A8FZZ3|HLDE_SHESH	17.110	263	179	8	2	248	66	305	7.39e-28	113
N8S8Y3	sp|A5UEH8|HLDE_HAEIG	18.041	194	128	5	59	247	137	304	1.82e-27	112
N8S8Y3	sp|Q4KJA9|HLDE_PSEF5	19.028	247	160	7	16	250	88	306	2.76e-27	112
N8S8Y3	sp|B2VGJ9|HLDE_ERWT9	20.000	210	136	7	47	250	124	307	3.07e-27	112
N8S8Y3	sp|A9MPW3|HLDE_SALAR	17.619	210	141	6	47	250	124	307	4.82e-27	111
N8S8Y3	sp|A3QAN3|HLDE_SHELP	18.008	261	179	8	2	248	66	305	9.13e-27	110
N8S8Y3	sp|Q3KJ28|HLDE_PSEPF	18.623	247	161	7	16	250	88	306	9.74e-27	110
N8S8Y3	sp|P57168|Y060_BUCAI	17.259	197	132	5	59	250	137	307	1.02e-26	108
N8S8Y3	sp|Q1I411|HLDE_PSEE4	18.357	207	136	5	52	250	125	306	1.09e-26	110
N8S8Y3	sp|Q31IC2|HLDE_HYDCU	17.241	261	180	9	4	250	66	304	1.15e-26	110
N8S8Y3	sp|A1AV12|HLDE_PELPD	17.100	269	178	10	4	250	73	318	3.00e-26	109
N8S8Y3	sp|B4EW46|HLDE_PROMH	18.274	197	130	5	57	248	135	305	3.31e-26	109
N8S8Y3	sp|Q48P39|HLDE_PSE14	17.886	246	162	7	17	250	89	306	3.44e-26	109
N8S8Y3	sp|B0TTF2|HLDE_SHEHH	16.279	258	181	6	5	248	69	305	3.50e-26	109
N8S8Y3	sp|B8CVJ1|HLDE_SHEPW	17.176	262	180	7	2	248	66	305	3.81e-26	109
N8S8Y3	sp|Q7N0C3|HLDE_PHOLL	16.379	232	158	8	31	248	96	305	4.16e-26	109
N8S8Y3	sp|A1JQV6|HLDE_YERE8	17.308	208	140	6	47	248	124	305	4.71e-26	108
N8S8Y3	sp|A4VR47|HLDE_PSEU5	20.482	249	162	8	12	250	84	306	5.19e-26	108
N8S8Y3	sp|Q8ESZ2|THIM1_OCEIH	18.930	243	167	7	22	251	11	236	7.22e-26	105
N8S8Y3	sp|A5G6F4|HLDE_GEOUR	17.045	264	182	10	5	250	74	318	1.04e-25	108
N8S8Y3	sp|Q607M3|HLDE_METCA	20.297	202	134	7	54	250	126	305	1.76e-25	107
N8S8Y3	sp|C3KDB8|HLDE_PSEFS	18.219	247	162	7	16	250	88	306	2.34e-25	106
N8S8Y3	sp|Q87VF4|HLDE_PSESM	17.677	198	132	5	58	250	135	306	2.41e-25	106
N8S8Y3	sp|Q4ZZ15|HLDE_PSEU2	17.677	198	132	5	58	250	135	306	2.68e-25	106
N8S8Y3	sp|Q39X60|HLDE_GEOMG	16.544	272	180	9	2	250	71	318	2.89e-25	106
N8S8Y3	sp|Q17NP0|NNRD_AEDAE	13.693	241	186	7	3	237	67	291	3.94e-25	104
N8S8Y3	sp|Q0VM60|HLDE_ALCBS	22.500	200	124	6	56	250	135	308	5.49e-25	106
N8S8Y3	sp|Q8KA54|Y057_BUCAP	17.708	192	127	5	57	243	135	300	5.49e-25	103
N8S8Y3	sp|E3XDZ8|NNRD_ANODA	17.928	251	176	7	3	243	30	260	1.07e-24	102
N8S8Y3	sp|B0KBA7|THIM_THEP3	17.427	241	169	7	29	255	15	239	1.12e-24	101
N8S8Y3	sp|B5EEZ1|HLDE_GEOBB	18.657	268	179	8	2	250	71	318	1.51e-24	105
N8S8Y3	sp|Q6D164|HLDE_PECAS	17.308	208	140	6	47	248	124	305	1.54e-24	104
N8S8Y3	sp|Q12RC7|HLDE_SHEDO	18.824	255	184	7	2	248	66	305	1.96e-24	104
N8S8Y3	sp|A6WJS7|HLDE_SHEB8	19.847	262	173	10	2	248	66	305	2.06e-24	104
N8S8Y3	sp|A4THT9|HLDE_YERPP	17.788	208	139	6	47	248	124	305	2.21e-24	104
N8S8Y3	sp|Q1CMD4|HLDE_YERPN	17.788	208	139	6	47	248	124	305	2.21e-24	104
N8S8Y3	sp|A9R7D5|HLDE_YERPG	17.788	208	139	6	47	248	124	305	2.21e-24	104
N8S8Y3	sp|Q8ZI60|HLDE_YERPE	17.788	208	139	6	47	248	124	305	2.21e-24	104
N8S8Y3	sp|Q1C374|HLDE_YERPA	17.788	208	139	6	47	248	124	305	2.21e-24	104
N8S8Y3	sp|P36945|RBSK_BACSU	15.385	234	173	5	32	254	66	285	2.32e-24	101
N8S8Y3	sp|B1JM26|HLDE_YERPY	17.788	208	139	6	47	248	124	305	2.36e-24	104
N8S8Y3	sp|Q665V3|HLDE_YERPS	17.788	208	139	6	47	248	124	305	2.36e-24	104
N8S8Y3	sp|B2K2H4|HLDE_YERPB	17.788	208	139	6	47	248	124	305	2.36e-24	104
N8S8Y3	sp|A7FE79|HLDE_YERP3	17.788	208	139	6	47	248	124	305	2.36e-24	104
N8S8Y3	sp|A8H086|HLDE_SHEPA	17.054	258	179	6	5	248	69	305	2.69e-24	103
N8S8Y3	sp|B0K3V0|THIM_THEPX	17.012	241	170	8	29	255	15	239	2.75e-24	100
N8S8Y3	sp|Q8EAZ2|HLDE_SHEON	19.466	262	174	10	2	248	66	305	2.91e-24	103
N8S8Y3	sp|A3D837|HLDE_SHEB5	19.847	262	173	10	2	248	66	305	3.09e-24	103
N8S8Y3	sp|B8EE43|HLDE_SHEB2	19.847	262	173	10	2	248	66	305	3.68e-24	103
N8S8Y3	sp|A9L2P0|HLDE_SHEB9	19.847	262	173	10	2	248	66	305	3.79e-24	103
N8S8Y3	sp|Q8R807|THIM_CALS4	15.000	240	187	6	22	255	11	239	4.45e-24	100
N8S8Y3	sp|Q07Y78|HLDE_SHEFN	20.000	260	171	10	4	248	68	305	4.80e-24	103
N8S8Y3	sp|C6DDL3|HLDE_PECCP	15.589	263	177	9	9	248	65	305	5.42e-24	103
N8S8Y3	sp|D9TT10|PFKB_THETC	12.598	254	196	7	7	246	64	305	6.57e-24	101
N8S8Y3	sp|Q74BF6|HLDE_GEOSL	16.304	276	184	8	2	254	71	322	7.70e-24	102
N8S8Y3	sp|C5BHH2|HLDE_EDWI9	17.949	195	129	5	59	248	137	305	8.22e-24	102
N8S8Y3	sp|Q833Y3|NNRD_ENTFA	17.373	236	169	7	3	232	26	241	9.13e-24	100
N8S8Y3	sp|B7GKQ7|THIM_ANOFW	15.385	234	170	6	36	255	24	243	1.21e-23	99.3
N8S8Y3	sp|Q0HYC0|HLDE_SHESR	19.847	262	173	10	2	248	66	305	1.22e-23	102
N8S8Y3	sp|Q0HFL0|HLDE_SHESM	19.847	262	173	10	2	248	66	305	1.22e-23	102
N8S8Y3	sp|Q7VQQ6|HLDE_BLOFL	14.778	203	146	7	50	247	124	304	1.29e-23	102
N8S8Y3	sp|P44331|RBSK_HAEIN	16.157	229	159	6	33	254	94	296	1.55e-23	99.7
N8S8Y3	sp|A0KTG8|HLDE_SHESA	19.847	262	173	10	2	248	66	305	1.74e-23	101
N8S8Y3	sp|Q186F4|THIM_CLOD6	14.344	244	179	7	22	251	7	234	1.92e-23	98.5
N8S8Y3	sp|B5Z7L8|HLDE_HELPG	17.073	246	160	10	5	229	60	282	1.98e-23	101
N8S8Y3	sp|Q3J7Y0|HLDE_NITOC	16.598	241	162	8	28	250	88	307	2.32e-23	101
N8S8Y3	sp|Q1CT14|HLDE_HELPH	17.551	245	160	9	5	229	60	282	2.56e-23	101
N8S8Y3	sp|Q88D93|HLDE_PSEPK	20.290	207	132	6	52	250	125	306	3.24e-23	101
N8S8Y3	sp|A5W9W6|HLDE_PSEP1	20.290	207	132	6	52	250	125	306	3.24e-23	101
N8S8Y3	sp|B2USX2|HLDE_HELPS	17.143	245	161	9	5	229	60	282	3.37e-23	100
N8S8Y3	sp|A8GJU3|HLDE_SERP5	16.827	208	141	6	47	248	124	305	4.05e-23	100
N8S8Y3	sp|B6ELZ7|HLDE_ALISL	15.970	263	176	10	2	245	66	302	4.05e-23	100
N8S8Y3	sp|Q9ZKZ0|HLDE_HELPJ	17.073	246	160	11	5	229	60	282	4.66e-23	100
N8S8Y3	sp|A0KPL4|HLDE_AERHH	16.935	248	169	9	17	250	83	307	5.62e-23	100
N8S8Y3	sp|Q5WKY9|IOLC_BACSK	16.216	185	136	3	70	240	125	304	5.85e-23	98.5
N8S8Y3	sp|B0KL32|HLDE_PSEPG	18.357	207	136	5	52	250	125	306	5.95e-23	100
N8S8Y3	sp|Q8XP78|IOLC_CLOPE	13.441	186	140	3	70	239	126	306	7.51e-23	98.5
N8S8Y3	sp|Q0TUZ4|IOLC_CLOP1	13.441	186	140	3	70	239	126	306	7.51e-23	98.5
N8S8Y3	sp|A1RGD1|HLDE_SHESW	19.847	262	173	10	2	248	66	305	8.68e-23	99.7
N8S8Y3	sp|C4KZE2|THIM_EXISA	16.596	235	166	7	37	255	21	241	1.10e-22	96.6
N8S8Y3	sp|B5DHB2|NNRD_DROPS	13.546	251	195	7	2	245	34	269	1.11e-22	97.4
N8S8Y3	sp|A9KDJ2|HLDE_COXBN	18.132	182	123	4	74	250	149	309	1.18e-22	99.3
N8S8Y3	sp|A4Y9Z9|HLDE_SHEPC	19.847	262	173	10	2	248	66	305	1.24e-22	99.3
N8S8Y3	sp|Q83B60|HLDE_COXBU	17.033	182	125	3	74	250	149	309	1.63e-22	98.9
N8S8Y3	sp|A9N9S2|HLDE_COXBR	17.033	182	125	3	74	250	149	309	1.63e-22	98.9
N8S8Y3	sp|B5FB67|HLDE_ALIFM	16.092	261	174	10	4	245	68	302	2.16e-22	98.9
N8S8Y3	sp|A6VDB5|HLDE_PSEA7	19.307	202	136	6	54	250	127	306	2.33e-22	98.5
N8S8Y3	sp|Q17WK1|HLDE_HELAH	17.073	246	160	10	5	229	60	282	2.50e-22	98.5
N8S8Y3	sp|A4SIG6|HLDE_AERS4	17.814	247	168	9	17	250	83	307	2.53e-22	98.5
N8S8Y3	sp|Q3A526|HLDE_PELCD	18.269	208	141	8	49	247	128	315	2.64e-22	98.5
N8S8Y3	sp|O25529|HLDE_HELPY	17.143	245	161	10	5	229	60	282	2.75e-22	98.1
N8S8Y3	sp|Q2SN34|HLDE_HAHCH	18.145	248	160	8	17	250	89	307	2.77e-22	98.5
N8S8Y3	sp|B7V388|HLDE_PSEA8	18.317	202	138	6	54	250	127	306	3.49e-22	98.1
N8S8Y3	sp|Q2G2P8|NNRD_STAA8	16.858	261	173	10	2	246	27	259	3.78e-22	95.4
N8S8Y3	sp|Q02F21|HLDE_PSEAB	18.317	202	138	6	54	250	127	306	4.19e-22	97.7
N8S8Y3	sp|Q9HUG9|HLDE_PSEAE	18.317	202	138	6	54	250	127	306	4.27e-22	97.7
N8S8Y3	sp|Q893Q9|THIM_CLOTE	13.095	252	184	7	23	255	14	249	4.34e-22	95.4
N8S8Y3	sp|Q2NWD9|HLDE_SODGM	16.379	232	158	8	31	248	96	305	4.41e-22	97.7
N8S8Y3	sp|Q9ZKZ9|THIM_HELPJ	15.319	235	166	10	37	255	19	236	5.62e-22	94.7
N8S8Y3	sp|A4IPB3|IOLC_GEOTN	14.973	187	138	3	69	239	125	306	6.00e-22	96.2
N8S8Y3	sp|Q5E2L7|HLDE_ALIF1	16.092	261	174	10	4	245	68	302	6.62e-22	97.4
N8S8Y3	sp|P96051|NNRD_STRTR	18.045	266	180	11	2	254	24	264	7.10e-22	94.7
N8S8Y3	sp|Q5KYR3|IOLC_GEOKA	15.508	187	137	3	69	239	125	306	1.05e-21	95.4
N8S8Y3	sp|A2BLC0|NNR_HYPBU	16.016	256	184	8	3	243	247	486	1.08e-21	97.0
N8S8Y3	sp|B6JM82|HLDE_HELP2	17.959	245	159	9	5	229	60	282	1.10e-21	96.6
N8S8Y3	sp|A4XPU9|HLDE_PSEMY	16.064	249	175	7	11	250	83	306	1.71e-21	96.2
N8S8Y3	sp|A6M1W7|THIM_CLOB8	13.248	234	170	6	37	251	30	249	1.81e-21	93.5
N8S8Y3	sp|Q9JRZ9|NNRD_NEIMB	19.922	256	175	8	3	247	39	275	1.82e-21	93.9
N8S8Y3	sp|Q493X3|HLDE_BLOPB	17.327	202	140	7	51	247	125	304	1.87e-21	96.2
N8S8Y3	sp|B2UY66|THIM_CLOBA	13.248	234	170	6	37	251	30	249	2.54e-21	93.1
N8S8Y3	sp|B1J331|HLDE_PSEPW	18.357	207	136	6	52	250	125	306	2.98e-21	95.4
N8S8Y3	sp|F1Q575|NNRD_DANRE	14.228	246	197	5	3	242	57	294	3.50e-21	93.9
N8S8Y3	sp|Q8PS50|THIM_METMA	15.021	233	166	7	37	255	22	236	3.74e-21	92.4
N8S8Y3	sp|A6M229|IOLC_CLOB8	13.369	187	140	3	70	239	126	307	4.42e-21	93.5
N8S8Y3	sp|P83534|RBSKI_LACSD	15.217	230	161	7	33	254	94	297	4.48e-21	95.1
N8S8Y3	sp|Q8DQD2|NNRD_STRR6	15.261	249	181	8	2	240	25	253	4.70e-21	92.7
N8S8Y3	sp|F6RCC2|NNRD_CIOIN	14.414	222	173	7	3	216	82	294	4.82e-21	93.9
N8S8Y3	sp|Q8DEH7|HLDE_VIBVU	18.274	197	134	7	54	245	128	302	5.35e-21	94.7
N8S8Y3	sp|Q0A4T7|HLDE_ALKEH	20.942	191	120	6	62	247	140	304	5.87e-21	94.7
N8S8Y3	sp|P33020|YEII_ECOLI	17.761	259	178	9	4	248	111	348	6.66e-21	93.5
N8S8Y3	sp|Q7MNY3|HLDE_VIBVY	18.274	197	134	7	54	245	128	302	7.52e-21	94.3
N8S8Y3	sp|A7HUC7|HLDE_PARL1	20.000	265	171	9	6	250	77	320	7.73e-21	94.3
N8S8Y3	sp|P77493|YDJH_ECOLI	16.000	125	98	2	127	250	185	303	8.14e-21	92.7
N8S8Y3	sp|B5Z7K9|THIM_HELPG	16.170	235	164	10	37	255	20	237	8.37e-21	91.6
N8S8Y3	sp|Q466J4|THIM_METBF	14.592	233	167	7	37	255	22	236	9.44e-21	91.6
N8S8Y3	sp|O25516|THIM_HELPY	16.239	234	165	9	37	255	19	236	9.49e-21	91.2
N8S8Y3	sp|Q1R1M6|HLDE_CHRSD	16.749	203	140	7	49	245	123	302	1.12e-20	93.9
N8S8Y3	sp|Q65DJ9|THIM_BACLD	14.167	240	175	8	31	255	20	243	1.15e-20	91.2
N8S8Y3	sp|Q0I129|THIM_HAES1	16.379	232	164	7	36	251	22	239	1.16e-20	91.2
N8S8Y3	sp|A1TYR4|HLDE_MARHV	14.097	227	162	8	38	254	109	312	1.17e-20	93.9
N8S8Y3	sp|B1YJJ2|THIM_EXIS2	16.129	248	172	9	22	255	7	232	1.18e-20	91.2
N8S8Y3	sp|B2USY3|THIM_HELPS	15.745	235	165	10	37	255	19	236	1.29e-20	90.8
N8S8Y3	sp|B1KV13|THIM2_CLOBM	15.812	234	163	7	37	255	24	238	1.33e-20	91.2
N8S8Y3	sp|A1A6H3|RBSK_ARATH	18.129	171	115	6	90	254	217	368	1.42e-20	92.7
N8S8Y3	sp|B2TQ14|THIM_CLOBB	12.393	234	172	6	37	251	30	249	1.44e-20	91.2
N8S8Y3	sp|A7ZAH9|IOLC_BACVZ	13.750	240	181	6	33	251	81	315	1.45e-20	92.0
N8S8Y3	sp|C3L062|THIM1_CLOB6	15.880	233	164	6	37	255	24	238	1.54e-20	90.8
N8S8Y3	sp|A5UA73|THIM_HAEIE	19.583	240	164	7	20	244	6	231	1.59e-20	90.8
N8S8Y3	sp|A8FMK8|HLDE_CAMJ8	18.894	217	142	8	43	247	105	299	1.88e-20	93.1
N8S8Y3	sp|Q87SJ9|HLDE_VIBPA	15.510	245	166	8	20	245	80	302	1.89e-20	93.1
N8S8Y3	sp|B7VIX1|HLDE_VIBTL	17.937	223	149	8	35	245	102	302	2.10e-20	93.1
N8S8Y3	sp|A7MWN3|HLDE_VIBCB	15.414	266	179	10	4	245	59	302	2.10e-20	93.1
N8S8Y3	sp|C1FSC2|THIM1_CLOBJ	15.812	234	163	7	37	255	24	238	2.25e-20	90.4
N8S8Y3	sp|A7H2L7|HLDE_CAMJD	19.005	221	137	9	43	247	105	299	2.28e-20	92.7
N8S8Y3	sp|B1IEG7|THIM1_CLOBK	15.812	234	163	7	37	255	24	238	2.42e-20	90.4
N8S8Y3	sp|A7GAL1|THIM1_CLOBL	15.812	234	163	7	37	255	24	238	3.42e-20	90.0
N8S8Y3	sp|C1DGT9|HLDE_AZOVD	16.667	198	134	5	58	250	135	306	3.58e-20	92.4
N8S8Y3	sp|A5HYZ4|THIM1_CLOBH	15.812	234	163	7	37	255	24	238	3.68e-20	90.0
N8S8Y3	sp|A7FPT1|THIM1_CLOB1	15.812	234	163	7	37	255	24	238	3.68e-20	90.0
N8S8Y3	sp|Q2W993|HLDE_MAGSA	21.287	202	123	7	57	245	136	314	3.99e-20	92.4
N8S8Y3	sp|Q8TMD5|THIM_METAC	15.451	233	165	7	37	255	22	236	4.02e-20	89.7
N8S8Y3	sp|Q723S9|IOLC_LISMF	17.582	182	127	4	75	240	130	304	4.10e-20	90.8
N8S8Y3	sp|C1KZA1|IOLC_LISMC	17.582	182	127	4	75	240	130	304	4.10e-20	90.8
N8S8Y3	sp|Q4QNC8|THIM_HAEI8	20.276	217	144	7	36	237	24	226	4.18e-20	89.7
N8S8Y3	sp|O67377|NNR_AQUAE	15.385	260	180	8	2	242	234	472	4.46e-20	92.4
N8S8Y3	sp|P36059|NNRD_YEAST	15.726	248	172	9	3	225	33	268	5.13e-20	90.8
N8S8Y3	sp|Q9KAG8|IOLC_BACHD	14.224	232	177	4	26	240	79	305	5.73e-20	90.4
N8S8Y3	sp|B2TY84|THIM_SHIB3	19.008	242	158	9	31	255	25	245	6.83e-20	89.3
N8S8Y3	sp|A8FIR7|THIM_BACP2	17.521	234	163	9	36	255	27	244	6.88e-20	89.3
N8S8Y3	sp|Q8Y9Y2|IOLC_LISMO	17.033	182	128	4	75	240	130	304	7.00e-20	90.0
N8S8Y3	sp|C7YKN8|NNRD_NECH7	13.889	252	179	7	3	225	36	278	7.52e-20	90.4
N8S8Y3	sp|Q87JW7|THIM_VIBPA	15.102	245	186	7	19	254	6	237	7.54e-20	88.9
N8S8Y3	sp|Q92EQ5|IOLC_LISIN	16.111	180	132	3	75	240	130	304	8.14e-20	90.0
N8S8Y3	sp|Q57233|THIM_HAEIN	20.276	217	144	7	36	237	24	226	8.30e-20	88.9
N8S8Y3	sp|A5F5J2|HLDE_VIBC3	17.241	203	141	6	50	247	124	304	8.60e-20	91.2
N8S8Y3	sp|C3LQY0|HLDE_VIBCM	17.241	203	141	6	50	247	124	304	9.12e-20	91.2
N8S8Y3	sp|Q5HTW1|HLDE_CAMJR	17.500	200	129	8	58	247	126	299	9.12e-20	91.2
N8S8Y3	sp|B8DCT6|IOLC_LISMH	17.582	182	127	4	75	240	130	304	9.75e-20	89.7
N8S8Y3	sp|A7ZNS3|THIM_ECO24	18.672	241	160	8	31	255	25	245	1.13e-19	88.5
N8S8Y3	sp|B1LN84|THIM_ECOSM	18.595	242	159	9	31	255	25	245	1.23e-19	88.5
N8S8Y3	sp|A6QIT6|THIM_STAAE	17.467	229	159	8	41	255	25	237	1.27e-19	88.5
N8S8Y3	sp|Q5HEA7|THIM_STAAC	17.467	229	159	8	41	255	25	237	1.27e-19	88.5
N8S8Y3	sp|Q2FWG2|THIM_STAA8	17.467	229	159	8	41	255	25	237	1.27e-19	88.5
N8S8Y3	sp|Q2FF34|THIM_STAA3	17.467	229	159	8	41	255	25	237	1.27e-19	88.5
N8S8Y3	sp|Q9KMX5|NNR_VIBCH	16.942	242	160	8	3	232	250	462	1.29e-19	90.8
N8S8Y3	sp|Q9CIU7|NNRD_LACLA	16.529	242	179	6	2	239	25	247	1.35e-19	88.5
N8S8Y3	sp|P55262|ADK_CRIGR	10.050	199	150	6	66	249	174	358	1.38e-19	89.7
N8S8Y3	sp|Q323B8|THIM_SHIBS	18.672	241	160	8	31	255	25	245	1.43e-19	88.1
N8S8Y3	sp|Q9RGS6|THIM_STACT	17.904	229	158	8	41	255	26	238	1.59e-19	88.1
N8S8Y3	sp|A6W0Z9|HLDE_MARMS	18.367	147	107	4	109	250	170	308	1.65e-19	90.4
N8S8Y3	sp|A6GXW4|NNRD_FLAPJ	16.116	242	171	7	1	232	27	246	1.70e-19	88.5
N8S8Y3	sp|B8FJW2|THIM_DESAL	16.142	254	181	8	16	255	7	242	1.94e-19	88.1
N8S8Y3	sp|Q1CT25|THIM_HELPH	14.468	235	168	10	37	255	20	237	2.00e-19	87.7
N8S8Y3	sp|A5UGS9|THIM_HAEIG	20.276	217	144	7	36	237	22	224	2.19e-19	87.7
N8S8Y3	sp|A0Q299|THIM_CLONN	17.521	234	159	8	37	255	26	240	2.19e-19	87.7
N8S8Y3	sp|B5YV51|THIM_ECO5E	19.421	242	157	10	31	255	25	245	2.29e-19	87.7
N8S8Y3	sp|Q8X7G3|THIM_ECO57	19.421	242	157	10	31	255	25	245	2.29e-19	87.7
N8S8Y3	sp|B7NCD4|THIM_ECOLU	19.008	242	158	9	31	255	25	245	2.36e-19	87.7
N8S8Y3	sp|E9AD19|RBSK_LEIMA	18.321	131	95	3	129	252	200	325	2.58e-19	88.5
N8S8Y3	sp|Q7SHU9|NNRD_NEUCR	14.008	257	180	6	3	225	39	288	2.59e-19	88.9
N8S8Y3	sp|A7N7S2|THIM_VIBCB	15.102	245	186	7	19	254	6	237	2.88e-19	87.3
N8S8Y3	sp|B7H7H4|THIM_BACC4	13.693	241	178	7	29	255	19	243	3.02e-19	87.3
N8S8Y3	sp|Q890C2|THIM_LACPL	20.179	223	149	7	30	237	16	224	3.26e-19	87.3
N8S8Y3	sp|A5EWS4|HLDE_DICNV	18.310	142	102	4	109	245	170	302	3.30e-19	89.7
N8S8Y3	sp|Q64640|ADK_RAT	10.553	199	149	7	66	249	174	358	3.35e-19	88.9
N8S8Y3	sp|Q6TG09|HLDE_CAMJE	18.039	255	174	9	5	247	68	299	3.43e-19	89.7
N8S8Y3	sp|Q9CG46|THIM_LACLA	15.254	236	185	7	27	255	11	238	3.49e-19	87.0
N8S8Y3	sp|A1S3I3|HLDE_SHEAM	20.312	256	165	9	9	248	73	305	3.69e-19	89.7
N8S8Y3	sp|A6Q4Z6|HLDE_NITSB	15.094	265	176	9	15	245	43	292	3.79e-19	89.3
N8S8Y3	sp|P66923|THIM_STAAN	17.467	229	159	8	41	255	25	237	4.25e-19	87.0
N8S8Y3	sp|P66922|THIM_STAAM	17.467	229	159	8	41	255	25	237	4.25e-19	87.0
N8S8Y3	sp|A5IUN8|THIM_STAA9	17.467	229	159	8	41	255	25	237	4.25e-19	87.0
N8S8Y3	sp|A6U3H8|THIM_STAA2	17.467	229	159	8	41	255	25	237	4.25e-19	87.0
N8S8Y3	sp|A7X4S9|THIM_STAA1	17.467	229	159	8	41	255	25	237	4.25e-19	87.0
N8S8Y3	sp|B1MX61|THIM_LEUCK	16.379	232	177	5	29	255	12	231	4.41e-19	87.0
N8S8Y3	sp|Q65D02|IOLC_BACLD	15.000	180	134	3	75	240	130	304	4.68e-19	87.7
N8S8Y3	sp|P0A9J6|RBSK_ECOLI	15.859	227	168	3	22	243	83	291	4.75e-19	87.7
N8S8Y3	sp|P0A9J7|RBSK_ECO57	15.859	227	168	3	22	243	83	291	4.75e-19	87.7
N8S8Y3	sp|B5YIM0|NNR_THEYD	15.789	247	175	8	2	232	243	472	5.07e-19	89.3
N8S8Y3	sp|P30235|PSUK_ECOLI	16.794	262	173	7	5	246	59	295	5.99e-19	87.3
N8S8Y3	sp|B2V4J8|IOLC_CLOBA	11.765	187	143	3	70	239	126	307	6.10e-19	87.7
N8S8Y3	sp|O58877|THIM_PYRHO	15.546	238	162	8	37	255	21	238	8.62e-19	86.2
N8S8Y3	sp|A7ZA59|THIM_BACVZ	18.468	222	166	7	41	255	31	244	8.96e-19	86.2
N8S8Y3	sp|Q94AF2|NNRD_ARATH	14.437	284	188	11	3	248	74	340	9.35e-19	87.7
N8S8Y3	sp|B7NPM9|THIM_ECO7I	19.008	242	158	9	31	255	25	245	9.38e-19	86.2
N8S8Y3	sp|Q2YUL1|THIM_STAAB	17.031	229	160	8	41	255	25	237	9.73e-19	86.2
N8S8Y3	sp|O29891|Y356_ARCFU	14.379	153	119	5	96	246	102	244	1.10e-18	85.4
N8S8Y3	sp|A1W0D6|HLDE_CAMJJ	17.431	218	144	8	43	247	105	299	1.10e-18	88.1
N8S8Y3	sp|B7IVS8|THIM_BACC2	14.108	241	177	7	29	255	19	243	1.14e-18	85.8
N8S8Y3	sp|Q1R9W8|THIM_ECOUT	19.008	242	158	9	31	255	25	245	1.31e-18	85.8
N8S8Y3	sp|A1ACX0|THIM_ECOK1	19.008	242	158	9	31	255	25	245	1.31e-18	85.8
N8S8Y3	sp|B7MEF9|THIM_ECO45	19.008	242	158	9	31	255	25	245	1.31e-18	85.8
N8S8Y3	sp|P42414|IOLC_BACSU	15.676	185	137	3	70	240	125	304	1.33e-18	86.6
N8S8Y3	sp|A0RQR9|HLDE_CAMFF	14.721	197	134	7	57	244	123	294	1.60e-18	87.7
N8S8Y3	sp|Q8FFY0|THIM_ECOL6	19.008	242	158	9	31	255	25	245	1.69e-18	85.4
N8S8Y3	sp|Q1H3A0|HLDE_METFK	19.184	245	165	7	19	250	96	320	1.79e-18	87.3
N8S8Y3	sp|B7UFC1|THIM_ECO27	19.502	241	155	9	31	255	25	242	1.90e-18	85.0
N8S8Y3	sp|Q2FNE1|THIM_METHJ	16.335	251	178	7	19	255	18	250	2.09e-18	85.4
N8S8Y3	sp|A9VRN3|THIM_BACMK	13.693	241	178	7	29	255	19	243	2.09e-18	85.0
N8S8Y3	sp|C4YSU5|NNRD_CANAW	18.095	210	146	6	57	248	127	328	2.20e-18	86.6
N8S8Y3	sp|B1HX32|THIM_LYSSC	17.647	221	154	6	37	243	20	226	2.23e-18	85.0
N8S8Y3	sp|Q6LUZ5|HLDE_PHOPR	16.541	266	176	10	4	245	59	302	2.24e-18	87.3
N8S8Y3	sp|Q6GEY3|THIM_STAAR	17.031	229	160	8	41	255	25	237	2.24e-18	85.0
N8S8Y3	sp|B7MWQ4|THIM_ECO81	19.008	242	158	9	31	255	25	245	2.28e-18	85.0
N8S8Y3	sp|Q0TFY8|THIM_ECOL5	18.595	242	159	9	31	255	25	245	2.30e-18	85.0
N8S8Y3	sp|Q2RY67|HLDE_RHORT	18.782	197	130	6	58	248	145	317	2.38e-18	87.3
N8S8Y3	sp|A0A0H2WZY4|RBSK_STAAC	12.322	211	154	6	43	245	106	293	2.42e-18	85.8
N8S8Y3	sp|Q81IG9|THIM_BACCR	13.278	241	179	7	29	255	19	243	2.54e-18	85.0
N8S8Y3	sp|Q7M9U1|HLDE_WOLSU	15.556	270	175	12	6	250	68	309	2.57e-18	87.0
N8S8Y3	sp|Q8NVH4|THIM_STAAW	17.467	229	159	8	41	255	25	237	2.88e-18	84.7
N8S8Y3	sp|Q6G7L8|THIM_STAAS	17.467	229	159	8	41	255	25	237	2.88e-18	84.7
N8S8Y3	sp|C1EVJ1|IOLC_BACC3	15.347	202	145	6	70	254	126	318	2.91e-18	85.8
N8S8Y3	sp|A0REB4|IOLC_BACAH	15.347	202	145	6	70	254	126	318	2.91e-18	85.8
N8S8Y3	sp|Q898F0|IOLC_CLOTE	12.195	164	130	4	81	239	153	307	3.03e-18	85.8
N8S8Y3	sp|Q63B75|IOLC1_BACCZ	15.347	202	145	6	70	254	126	318	3.06e-18	85.8
N8S8Y3	sp|B8I3J5|THIM_RUMCH	10.268	224	186	5	37	251	29	246	3.11e-18	84.7
N8S8Y3	sp|Q0UVK8|NNRD_PHANO	15.481	239	162	7	3	218	30	251	3.16e-18	85.4
N8S8Y3	sp|Q4V1F7|IOLC2_BACCZ	15.347	202	145	6	70	254	126	318	3.92e-18	85.4
N8S8Y3	sp|F9UN92|NNRD_LACPL	16.327	245	175	9	2	239	25	246	3.98e-18	84.7
N8S8Y3	sp|B9J2L4|THIM_BACCQ	12.863	241	180	7	29	255	19	243	4.16e-18	84.3
N8S8Y3	sp|B7HT69|THIM_BACC7	12.863	241	180	7	29	255	19	243	4.16e-18	84.3
N8S8Y3	sp|A7GKR3|THIM_BACCN	14.108	241	177	7	29	255	19	243	4.44e-18	84.3
N8S8Y3	sp|Q7VFZ3|HLDE_HELHP	14.815	270	180	11	5	250	67	310	4.72e-18	86.2
N8S8Y3	sp|B2TJ78|IOLC_CLOBB	11.230	187	144	3	70	239	126	307	4.84e-18	85.4
N8S8Y3	sp|P55263|ADK_HUMAN	9.890	182	136	6	82	249	192	359	4.84e-18	85.4
N8S8Y3	sp|Q30T22|HLDE_SULDN	14.552	268	176	11	8	250	70	309	4.93e-18	86.2
N8S8Y3	sp|P55264|ADK_MOUSE	10.050	199	150	7	66	249	174	358	4.99e-18	85.4
N8S8Y3	sp|Q5JEK6|CYDK_THEKO	21.311	122	86	2	122	240	156	270	5.33e-18	84.3
N8S8Y3	sp|B8FB71|HLDE_DESAL	18.216	269	172	10	7	250	74	319	5.48e-18	86.2
N8S8Y3	sp|B6HYU5|THIM_ECOSE	19.008	242	158	10	31	255	25	245	5.87e-18	83.9
N8S8Y3	sp|P76423|THIM_ECOLI	19.008	242	158	10	31	255	25	245	5.87e-18	83.9
N8S8Y3	sp|B1IYX7|THIM_ECOLC	19.008	242	158	10	31	255	25	245	5.87e-18	83.9
N8S8Y3	sp|A8A1W9|THIM_ECOHS	19.008	242	158	10	31	255	25	245	5.87e-18	83.9
N8S8Y3	sp|B1X7J5|THIM_ECODH	19.008	242	158	10	31	255	25	245	5.87e-18	83.9
N8S8Y3	sp|C4ZSI8|THIM_ECOBW	19.008	242	158	10	31	255	25	245	5.87e-18	83.9
N8S8Y3	sp|B7M485|THIM_ECO8A	19.008	242	158	10	31	255	25	245	5.87e-18	83.9
N8S8Y3	sp|B7L9X5|THIM_ECO55	19.008	242	158	10	31	255	25	245	5.87e-18	83.9
N8S8Y3	sp|O27587|NK_METTH	18.045	133	98	3	125	255	176	299	6.88e-18	84.3
N8S8Y3	sp|A8MK93|THIM_ALKOO	13.710	248	184	7	23	255	14	246	7.08e-18	83.9
N8S8Y3	sp|A0AFC3|THIM_LISW6	18.672	241	166	7	29	255	16	240	7.30e-18	83.9
N8S8Y3	sp|A8M9N5|THIM_CALMQ	14.458	249	180	8	22	255	10	240	7.88e-18	83.5
N8S8Y3	sp|Q83JB1|FRLD_SHIFL	15.354	254	172	10	1	243	39	260	8.33e-18	83.5
N8S8Y3	sp|B9DU93|LACC_STRU0	18.992	258	156	12	4	231	44	278	8.68e-18	84.3
N8S8Y3	sp|A0LP26|THIM_SYNFM	19.383	227	151	7	43	255	32	240	9.55e-18	83.5
N8S8Y3	sp|Q63GK4|THIM_BACCZ	13.278	241	179	7	29	255	19	243	9.95e-18	83.5
N8S8Y3	sp|Q9VVW8|NNRD_DROME	15.164	244	184	7	2	237	34	262	1.12e-17	83.9
N8S8Y3	sp|Q73E73|THIM_BACC1	12.863	241	180	7	29	255	19	243	1.13e-17	83.1
N8S8Y3	sp|B7VS66|THIM_VIBTL	13.808	239	187	6	22	254	12	237	1.20e-17	83.1
N8S8Y3	sp|Q81QB7|IOLC_BACAN	15.347	202	145	6	70	254	126	318	1.21e-17	83.9
N8S8Y3	sp|C3LHY4|IOLC_BACAC	15.347	202	145	6	70	254	126	318	1.21e-17	83.9
N8S8Y3	sp|C3PAZ0|IOLC_BACAA	15.347	202	145	6	70	254	126	318	1.21e-17	83.9
N8S8Y3	sp|Q6HP18|THIM_BACHK	12.863	241	180	7	29	255	19	243	1.24e-17	83.1
N8S8Y3	sp|Q32EA0|THIM_SHIDS	18.595	242	159	10	31	255	25	245	1.24e-17	83.1
N8S8Y3	sp|A1WZB3|HLDE_HALHL	17.814	247	163	6	19	250	86	307	1.36e-17	85.0
N8S8Y3	sp|Q6HIK4|IOLC_BACHK	15.347	202	145	6	70	254	126	318	1.44e-17	83.9
N8S8Y3	sp|A0L7X0|HLDE_MAGMM	16.988	259	175	10	9	246	74	313	1.44e-17	85.0
N8S8Y3	sp|O94347|NNRD_SCHPO	13.383	269	180	8	3	237	32	281	1.47e-17	83.9
N8S8Y3	sp|E0VSF4|NNRD_PEDHC	16.157	229	165	8	3	219	27	240	1.67e-17	83.1
N8S8Y3	sp|Q9SF85|ADK1_ARATH	13.514	185	126	6	82	249	174	341	1.68e-17	83.9
N8S8Y3	sp|A2SU11|THIM_METLZ	18.884	233	156	9	37	255	25	238	1.76e-17	82.7
N8S8Y3	sp|Q83KH2|THIM_SHIFL	19.008	242	158	10	31	255	25	245	1.83e-17	82.3
